0.000000000000000000e+00 0.000000000000000000e+00 0.000000000000000000e+00
1.000000000000000000e+00 0.000000000000000000e+00 0.000000000000000000e+00
1.000000000000000000e+00 1.000000000000000000e+00 0.000000000000000000e+00
0.000000000000000000e+00 1.000000000000000000e+00 0.000000000000000000e+00
4.999999999986943222e-01 0.000000000000000000e+00 0.000000000000000000e+00
1.000000000000000000e+00 4.999999999986943222e-01 0.000000000000000000e+00
5.000000000020586866e-01 1.000000000000000000e+00 0.000000000000000000e+00
0.000000000000000000e+00 5.000000000020586866e-01 0.000000000000000000e+00
2.937500000004585887e-01 7.062500000004163780e-01 0.000000000000000000e+00
3.749999999995793920e-01 3.750000000004206080e-01 0.000000000000000000e+00
6.479166666669071706e-01 6.437499999998403943e-01 0.000000000000000000e+00
7.187499999993464117e-01 2.812499999995111133e-01 0.000000000000000000e+00
