$MeshFormat
4.1 0 8
$EndMeshFormat
$PhysicalNames
4
1 1 "wall"
1 2 "inlet"
1 3 "outlet"
2 4 "Domain"
$EndPhysicalNames
$Entities
8 8 1 0
1 0 0 0 0 
2 0.55 0 0 0 
3 2 0.15 0 0 
4 4 0.15 0 0 
5 4 0.46 0 0 
6 2 0.46 0 0 
7 0.55 0.61 0 0 
8 0 0.61 0 0 
1 0 0 0 0.55 0 0 1 1 2 1 -2 
2 0.55 0 0 2 0.15 0 1 1 2 2 -3 
3 2 0.15 0 4 0.15 0 1 1 2 3 -4 
4 4 0.15 0 4 0.4600000000000001 0 1 3 2 4 -5 
5 2 0.46 0 4 0.46 0 1 1 2 5 -6 
6 0.55 0.46 0 2 0.61 0 1 1 2 6 -7 
7 0 0.61 0 0.55 0.61 0 1 1 2 7 -8 
8 0 0 0 0 0.61 0 1 2 2 8 -1 
1 0 0 0 4 0.61 0 1 4 8 1 2 3 4 5 6 7 8 
$EndEntities
$Nodes
17 381 1 381
0 1 0 1
1
0 0 0
0 2 0 1
2
0.55 0 0
0 3 0 1
3
2 0.15 0
0 4 0 1
4
4 0.15 0
0 5 0 1
5
4 0.46 0
0 6 0 1
6
2 0.46 0
0 7 0 1
7
0.55 0.61 0
0 8 0 1
8
0 0.61 0
1 1 0 6
9
10
11
12
13
14
0.07857142857128305 0 0
0.1571428571424603 0 0
0.2357142857136483 0 0
0.3142857142850833 0 0
0.3928571428567115 0 0
0.4714285714283474 0 0
1 2 0 18
15
16
17
18
19
20
21
22
23
24
25
26
27
28
29
30
31
32
0.6263157894734974 0.007894736842085933 0
0.7026315789471339 0.01578947368418626 0
0.7789473684206207 0.02368421052627111 0
0.8552631578941391 0.03157894736835921 0
0.9315789473675781 0.03947368421043911 0
1.007894736841016 0.04736842105251888 0
1.084210526314461 0.05526315789459937 0
1.160526315787977 0.06315789473668733 0
1.236842105261458 0.07105263157877156 0
1.313157894735117 0.07894736842087421 0
1.389473684209075 0.08684210526300774 0
1.465789473682856 0.09473684210512305 0
1.542105263156716 0.1026315789472465 0
1.618421052630669 0.1105263157893796 0
1.694736842104561 0.1184210526315063 0
1.771052631578419 0.1263157894736295 0
1.847368421052259 0.1342105263157509 0
1.923684210526151 0.1421052631578777 0
1 3 0 24
33
34
35
36
37
38
39
40
41
42
43
44
45
46
47
48
49
50
51
52
53
54
55
56
2.08 0.15 0
2.16 0.15 0
2.24 0.15 0
2.319999999999999 0.15 0
2.399999999999999 0.15 0
2.479999999999999 0.15 0
2.559999999999999 0.15 0
2.639999999999998 0.15 0
2.719999999999998 0.15 0
2.799999999999998 0.15 0
2.879999999999999 0.15 0
2.959999999999999 0.15 0
3.039999999999999 0.15 0
3.119999999999999 0.15 0
3.199999999999999 0.15 0
3.279999999999999 0.15 0
3.359999999999999 0.15 0
3.44 0.15 0
3.519999999999999 0.15 0
3.6 0.15 0
3.68 0.15 0
3.76 0.15 0
3.84 0.15 0
3.92 0.15 0
1 4 0 3
57
58
59
4 0.2274999999998211 0
4 0.3049999999995989 0
4 0.3824999999998103 0
1 5 0 24
60
61
62
63
64
65
66
67
68
69
70
71
72
73
74
75
76
77
78
79
80
81
82
83
3.92 0.46 0
3.84 0.46 0
3.76 0.46 0
3.680000000000001 0.46 0
3.600000000000001 0.46 0
3.520000000000001 0.46 0
3.440000000000001 0.46 0
3.360000000000002 0.46 0
3.280000000000002 0.46 0
3.200000000000002 0.46 0
3.120000000000001 0.46 0
3.040000000000001 0.46 0
2.960000000000001 0.46 0
2.880000000000001 0.46 0
2.800000000000001 0.46 0
2.720000000000001 0.46 0
2.640000000000001 0.46 0
2.56 0.46 0
2.480000000000001 0.46 0
2.4 0.46 0
2.32 0.46 0
2.24 0.46 0
2.16 0.46 0
2.08 0.46 0
1 6 0 18
84
85
86
87
88
89
90
91
92
93
94
95
96
97
98
99
100
101
1.923684210526377 0.467894736842099 0
1.847368421052799 0.4757894736841932 0
1.771052631579187 0.483684210526291 0
1.694736842105643 0.4915789473683818 0
1.618421052632183 0.4994736842104638 0
1.542105263158703 0.507368421052548 0
1.465789473685256 0.5152631578946287 0
1.38947368421188 0.523157894736702 0
1.313157894738385 0.5310526315787878 0
1.236842105264691 0.5389473684208941 0
1.160526315790909 0.5468421052630094 0
1.084210526316961 0.554736842105142 0
1.007894736843018 0.562631578947274 0
0.9315789473692091 0.5705263157893922 0
0.8552631578953387 0.5784210526315167 0
0.7789473684215023 0.5863157894736377 0
0.7026315789476874 0.5942105263157564 0
0.6263157894738189 0.6021052631578808 0
1 7 0 6
102
103
104
105
106
107
0.4714285714286877 0.61 0
0.3928571428575008 0.61 0
0.3142857142863247 0.61 0
0.2357142857148994 0.61 0
0.157142857143277 0.61 0
0.07857142857164678 0.61 0
1 8 0 7
108
109
110
111
112
113
114
0 0.5337500000001031 0
0 0.4575000000003797 0
0 0.3812500000005912 0
0 0.3050000000008135 0
0 0.2287500000006129 0
0 0.1525000000004554 0
0 0.0762500000002222 0
2 1 0 267
115
116
117
118
119
120
121
122
123
124
125
126
127
128
129
130
131
132
133
134
135
136
137
138
139
140
141
142
143
144
145
146
147
148
149
150
151
152
153
154
155
156
157
158
159
160
161
162
163
164
165
166
167
168
169
170
171
172
173
174
175
176
177
178
179
180
181
182
183
184
185
186
187
188
189
190
191
192
193
194
195
196
197
198
199
200
201
202
203
204
205
206
207
208
209
210
211
212
213
214
215
216
217
218
219
220
221
222
223
224
225
226
227
228
229
230
231
232
233
234
235
236
237
238
239
240
241
242
243
244
245
246
247
248
249
250
251
252
253
254
255
256
257
258
259
260
261
262
263
264
265
266
267
268
269
270
271
272
273
274
275
276
277
278
279
280
281
282
283
284
285
286
287
288
289
290
291
292
293
294
295
296
297
298
299
300
301
302
303
304
305
306
307
308
309
310
311
312
313
314
315
316
317
318
319
320
321
322
323
324
325
326
327
328
329
330
331
332
333
334
335
336
337
338
339
340
341
342
343
344
345
346
347
348
349
350
351
352
353
354
355
356
357
358
359
360
361
362
363
364
365
366
367
368
369
370
371
372
373
374
375
376
377
378
379
380
381
0.5857700705100608 0.07114702701739013 0
0.3502351117427989 0.5325170965359184 0
0.8132688432968616 0.0869028174790239 0
0.2754928900346879 0.06764648337794099 0
0.5813208520754414 0.5399612191847482 0
1.039215588916304 0.1174072018674243 0
0.8149273968409976 0.5183838951683708 0
1.194267381676422 0.4758536843693257 0
0.06172016064936293 0.3470976113437543 0
1.337432140366484 0.1451355994186662 0
1.49727969772759 0.4468616394278058 0
1.032973910535622 0.4789278426120045 0
1.19184716786328 0.133196675551629 0
1.649741904707478 0.4294349033955414 0
1.347817555520957 0.4633912587409296 0
0.4313952320179579 0.06815143862140544 0
1.79895730968857 0.4123619842633882 0
1.503968013346648 0.1624185105143808 0
0.06257584452540813 0.18850264746498 0
0.197189322519032 0.5376777370285899 0
1.954915121421435 0.3977106090670828 0
1.722084177472738 0.2025019299458333 0
2.519680653743871 0.2142399538971102 0
3.46857142857143 0.2212350234729993 0
2.187451111818017 0.2267697722906103 0
3.8 0.3907179676972453 0
2.362001850617667 0.219822783942912 0
3.653333333333332 0.4028331077466989 0
2.679999999999996 0.2192820323027591 0
3.316828563019601 0.3888226566668318 0
3.010783905490083 0.2266051519406522 0
2.840424784829445 0.2244395869664613 0
3.149216094509926 0.226605151940653 0
1.888999894312718 0.2037810162958935 0
2.049830462552197 0.2041684088039334 0
3.720043330100046 0.2192570156578282 0
2.919999999999999 0.3907179676972449 0
2.611428571428569 0.3887649765270021 0
2.117307818223344 0.3895822190407212 0
2.280000000000002 0.3907179676972449 0
2.749216094509918 0.3833948480593491 0
2.440000000000001 0.3946755186876335 0
3.075791981553391 0.3931474682801513 0
3.879390671379426 0.2141131533202454 0
3.480000000000001 0.3907179676972456 0
3.332145595773997 0.2260719602591944 0
0.06603443703832393 0.4956250000002413 0
3.93808474062729 0.348119654709692 0
0.1167231911629636 0.07587093502709337 0
2.035787659041183 0.3927116049656916 0
1.986257851976545 0.3271592357734331 0
1.90979530641314 0.3360823282062581 0
2.07624516262578 0.3218175659129127 0
2.156271542458478 0.3167031730831838 0
1.939066734318499 0.2706957526320974 0
2.103069417895242 0.2571137830305042 0
2.249970686103472 0.3125817190707641 0
0.3536788865380279 0.06766174565835799 0
0.3927048387405517 0.135201710091047 0
0.4698901797578 0.1362281037239383 0
0.4312444833985326 0.2026431495882657 0
0.5087727850939794 0.2034529214353389 0
0.3536663399144906 0.2022251017651392 0
0.4697779568739793 0.2698486267458005 0
0.5470951760773969 0.2702924681868629 0
0.508160489544076 0.3369882011538586 0
0.585341166826743 0.3372114221821833 0
0.6242191470615375 0.2706981921706414 0
0.4308355498765204 0.3365715572412316 0
0.6623374899167236 0.3375364606821298 0
0.7011446217268533 0.2711452432927329 0
0.7392244016988416 0.3379332958683186 0
0.7780025027303913 0.2715871641092198 0
0.8160375475611625 0.3383292753731225 0
0.8547915663444219 0.272025423813184 0
0.8928157241681999 0.3387258176001636 0
0.9315597558620998 0.272455546177555 0
0.4692424189521591 0.403907595853165 0
0.9695790905224618 0.3391339683337874 0
1.008310764602556 0.2728779425305603 0
1.046315864728901 0.3395456079649569 0
1.085043913300425 0.2732998676339246 0
0.7004609706353616 0.4042995694386047 0
0.6631378382981401 0.2043193519511425 0
1.123047536971914 0.3399519247053192 0
1.161772008430292 0.2738925784843292 0
1.199774108788299 0.3403956084328581 0
1.238497120468405 0.2743446512996375 0
0.9308657019199905 0.400978308069577 0
0.3916325676776004 0.4029687049706436 0
0.3530987246543255 0.3359835494365954 0
0.3139063519882355 0.4024683474275271 0
0.2753148609921039 0.3356390804823914 0
0.2362585915247409 0.4021551247233658 0
0.8945474290866335 0.2063485635381018 0
1.276506238286631 0.3393572767710773 0
1.315214619507517 0.2758606959336141 0
1.351413423839875 0.3386047527372835 0
1.391633631049872 0.2762665962583529 0
0.1996442189567877 0.3342947674067006 0
0.237177699444871 0.2684133516438007 0
1.425423296079096 0.3388696587179962 0
0.1665213592398521 0.3962839897373843 0
1.467845781029691 0.2780153196415885 0
0.1606375470571298 0.2678490828046147 0
0.1998970666705228 0.2025979081840068 0
1.501082702315359 0.338526978445874 0
1.544305698465755 0.2785281457837347 0
0.274619662551993 0.4766646279665847 0
1.577604033123257 0.3375664529805845 0
1.620943296644921 0.2800612465485405 0
0.4217906330677136 0.4809221237086144 0
1.582380783461145 0.2129405206741924 0
1.127362445288548 0.2057553490637627 0
0.5139242902323332 0.4838901128748332 0
1.083095822065392 0.4068476219924306 0
1.659630239108136 0.3544980990806125 0
1.698832554232716 0.2766457079279838 0
1.745377728631232 0.3464447785268535 0
1.775554474312913 0.2770633749544882 0
1.285703120297265 0.2095468563652852 0
1.235792387180093 0.4056656752148088 0
1.441132739621901 0.2173568584098436 0
1.811591104319566 0.2034518535503838 0
0.1965970794414689 0.06899268816190515 0
2.280241767388461 0.2260879158542848 0
2.336346069126273 0.2896193424050865 0
2.416071973701198 0.2756088215922835 0
3.799905737587209 0.2183288044500322 0
3.841574637135482 0.2761619532561778 0
0.2761316269641839 0.2019668217417048 0
0.1645690718788345 0.1404640332640839 0
0.5476042492142861 0.4054261465246637 0
2.200591674464216 0.3882641798153189 0
0.7381634255139194 0.2058537348338558 0
0.699073668825986 0.1397354184381721 0
0.6239451508495363 0.1381024714292025 0
0.5859027399803494 0.2041768976205839 0
0.7773040623560867 0.4017793482539479 0
0.7508622804125877 0.4643479768904637 0
0.6756725064751119 0.4693965524036481 0
0.8162897009029377 0.2062598780691154 0
0.9685263653330454 0.2089885204845253 0
0.9317516004274814 0.1501918752040035 0
0.8541051342613455 0.4009273811451605 0
0.8918128302855012 0.4697802001394425 0
1.007585817654988 0.4058011098559822 0
1.119354303617413 0.4782962878483926 0
1.048768478266427 0.194245120877354 0
0.6261264767744875 0.4034156582028015 0
1.87807744636656 0.4056585861838958 0
1.113741423340583 0.1260487528726429 0
3.640007221683338 0.2192778628619331 0
3.680008425297225 0.2842061120081413 0
3.588573663854367 0.2898938954845882 0
3.760302897839532 0.2812359754611367 0
3.721421419733396 0.3511170392217479 0
2.599946775623974 0.2184416859018162 0
2.546285225305179 0.2753218948154135 0
2.628237224622529 0.2993847268783412 0
2.717853092940698 0.2959670880709594 0
2.677346996700342 0.3568532017852042 0
2.804512661569444 0.3143800482913355 0
2.839344847138515 0.3925571444099339 0
2.998546553330658 0.3868202205134242 0
3.040101629800786 0.3126304384881873 0
3.123838689382206 0.3228913449187539 0
3.080788063836601 0.256395543579577 0
3.204840581441269 0.2966908003743065 0
2.949972637540069 0.3109427460365501 0
3.19291583803439 0.3765760405110128 0
3.241870240357192 0.223542587085439 0
2.919869562544472 0.2251970472280487 0
3.399471427169936 0.3904020825255077 0
3.449720407963056 0.3085583586412653 0
3.519825925695661 0.3250314635026882 0
3.361971527580323 0.3154224114791853 0
3.400646030814713 0.2523498562885031 0
3.285155680088637 0.2967919314167617 0
3.556192052351522 0.215489074121986 0
2.360000000000002 0.3931238271432275 0
2.760465089889929 0.2256781259385858 0
2.521904761904763 0.3953914612827894 0
2.480335126196339 0.3279183809726407 0
1.573643321529379 0.4394293010929042 0
1.421386937633737 0.4549940230761401 0
3.571676131840479 0.380040875663767 0
1.723819507272229 0.4208575817526846 0
1.159744763936374 0.4074735614713572 0
0.07821711277947539 0.267594246478174 0
0.9536858576356968 0.509610083206175 0
0.3145028142532685 0.2689672923693692 0
0.3148212084816882 0.1349703203599057 0
0.06042929840175788 0.4211711009098738 0
0.3923245515819924 0.2693889407389087 0
1.828708215433461 0.3424082560752651 0
0.237918157245231 0.1361063758482579 0
1.204800212194105 0.2074099813153295 0
0.5468326065517495 0.1372386164239802 0
2.879423994647031 0.2843618861868139 0
1.642328095332084 0.171789794632596 0
0.2004893695165954 0.4554170947139185 0
0.5076275156912499 0.06976666810230059 0
1.860533880281231 0.273558921913629 0
2.442639733420995 0.2119081585730404 0
0.2744088193630096 0.5533718923062185 0
0.4688653045183849 0.5351324552302545 0
0.3504368654056683 0.4591081801218576 0
0.1161849174284402 0.5450959978404254 0
0.5961852773530815 0.4716980758143636 0
3.886034633973424 0.3995548018187238 0
1.273737364190294 0.4689198460391665 0
0.05711198673211101 0.1172213432399465 0
3.927836900173056 0.2722715210401162 0
0.6609704558821208 0.07439256630989605 0
1.263646184765732 0.1394981472108134 0
0.8566815019165694 0.1446496694334975 0
3.254063868062522 0.3584500643505145 0
0.6556355496863022 0.5379474942612099 0
0.7360205142836674 0.07901955723751264 0
1.310931909649359 0.4028564784573981 0
1.365545605616129 0.2113122181602276 0
0.1305445693027862 0.4617887028901488 0
0.1303109773083765 0.2057482286207848 0
0.1312888088438399 0.328835668059314 0
1.971699921604425 0.2084796429943696 0
0.7701873629336156 0.1444683983942904 0
0.7332682110491824 0.533811557776448 0
1.38277872382069 0.4004538860786654 0
1.419640151537467 0.1484313555022728 0
0.8947966618019239 0.09242614451807286 0
1.456858792515299 0.397816839640732 0
1.507926603185028 0.229851871004748 0
0.8178023408313039 0.451043760319477 0
2.021028258495448 0.2649057315245417 0
0.970856266091672 0.1008542915352016 0
0.05584006768616574 0.05627846640976313 0
3.941331383642142 0.2080208297887153 0
0.05605683383182636 0.5545932843085486 0
3.943009146274563 0.4037110542188465 0
1.534207703686126 0.393363064508746 0
0.5206208561795556 0.5561293011545898 0
1.575649479324876 0.1511778402002008 0
0.8888495837457916 0.5302828183077919 0
0.4144295319979532 0.5535736172038503 0
2.39437537726474 0.3403057198044223 0
2.480168651042008 0.2612217134089088 0
0.9959402164233113 0.155630105022404 0
3.243193022530362 0.4134470979704792 0
3.79968257432942 0.3268026139845734 0
3.870227010867818 0.3352008576528156 0
3.722107821866677 0.4140117347993523 0
2.118977040413652 0.194271400533108 0
3.518752440119244 0.2659948276836454 0
3.080080414677206 0.1976719259578721 0
3.642144710579827 0.3388157743650341 0
2.558312987065339 0.3402465878073438 0
3.400070962888387 0.1949859829093278 0
2.679895442661328 0.4149447681523279 0
1.658005837738384 0.2328448444842618 0
1.605204697933145 0.3923985328585337 0
0.1101008392875198 0.3910354145880951 0
2.881379920001228 0.3447003658312651 0
0.9661376301836717 0.4493422359592524 0
2.321077266373099 0.3481674290749615 0
3.137578934682457 0.4042847669480699 0
0.1062582143215388 0.1455614375233777 0
$EndNodes
$Elements
9 760 1 760
1 1 1 7
1 1 9 
2 9 10 
3 10 11 
4 11 12 
5 12 13 
6 13 14 
7 14 2 
1 2 1 19
8 2 15 
9 15 16 
10 16 17 
11 17 18 
12 18 19 
13 19 20 
14 20 21 
15 21 22 
16 22 23 
17 23 24 
18 24 25 
19 25 26 
20 26 27 
21 27 28 
22 28 29 
23 29 30 
24 30 31 
25 31 32 
26 32 3 
1 3 1 25
27 3 33 
28 33 34 
29 34 35 
30 35 36 
31 36 37 
32 37 38 
33 38 39 
34 39 40 
35 40 41 
36 41 42 
37 42 43 
38 43 44 
39 44 45 
40 45 46 
41 46 47 
42 47 48 
43 48 49 
44 49 50 
45 50 51 
46 51 52 
47 52 53 
48 53 54 
49 54 55 
50 55 56 
51 56 4 
1 4 1 4
52 4 57 
53 57 58 
54 58 59 
55 59 5 
1 5 1 25
56 5 60 
57 60 61 
58 61 62 
59 62 63 
60 63 64 
61 64 65 
62 65 66 
63 66 67 
64 67 68 
65 68 69 
66 69 70 
67 70 71 
68 71 72 
69 72 73 
70 73 74 
71 74 75 
72 75 76 
73 76 77 
74 77 78 
75 78 79 
76 79 80 
77 80 81 
78 81 82 
79 82 83 
80 83 6 
1 6 1 19
81 6 84 
82 84 85 
83 85 86 
84 86 87 
85 87 88 
86 88 89 
87 89 90 
88 90 91 
89 91 92 
90 92 93 
91 93 94 
92 94 95 
93 95 96 
94 96 97 
95 97 98 
96 98 99 
97 99 100 
98 100 101 
99 101 7 
1 7 1 7
100 7 102 
101 102 103 
102 103 104 
103 104 105 
104 105 106 
105 106 107 
106 107 8 
1 8 1 8
107 8 108 
108 108 109 
109 109 110 
110 110 111 
111 111 112 
112 112 113 
113 113 114 
114 114 1 
2 1 2 646
115 263 120 266 
116 281 147 283 
117 145 280 284 
118 155 275 277 
119 168 139 171 
120 279 151 284 
121 146 277 296 
122 139 168 170 
123 228 263 266 
124 169 340 349 
125 280 145 282 
126 290 269 301 
127 275 155 276 
128 291 160 292 
129 147 281 282 
130 138 289 292 
131 152 274 276 
132 232 136 234 
133 340 149 349 
134 301 269 370 
135 289 138 368 
136 274 152 371 
137 160 291 293 
138 128 231 302 
139 131 233 310 
140 171 154 248 
141 223 116 320 
142 116 223 322 
143 223 134 316 
144 134 223 320 
145 230 126 261 
146 119 324 333 
147 324 255 333 
148 231 233 302 
149 280 279 284 
150 277 275 296 
151 134 323 337 
152 226 116 322 
153 127 228 266 
154 234 136 238 
155 116 226 359 
156 316 134 337 
157 233 234 310 
158 234 238 318 
159 291 144 293 
160 228 127 312 
161 119 229 324 
162 336 124 344 
163 312 127 330 
164 293 144 332 
165 229 119 356 
166 237 336 344 
167 235 312 330 
168 168 171 248 
169 126 230 262 
170 333 255 342 
171 255 254 342 
172 233 131 302 
173 277 146 314 
174 154 171 379 
175 304 219 339 
176 132 227 347 
177 227 132 357 
178 219 304 338 
179 284 151 377 
180 238 148 318 
181 310 234 318 
182 331 256 341 
183 244 158 328 
184 244 328 365 
185 142 301 370 
186 273 274 371 
187 290 289 368 
188 153 83 164 
189 164 165 167 
190 345 19 350 
191 30 31 238 
192 153 164 167 
193 260 121 348 
194 94 95 262 
195 121 260 358 
196 261 126 378 
197 117 331 341 
198 281 283 285 
199 258 345 350 
200 35 36 240 
201 124 235 330 
202 136 232 374 
203 235 124 336 
204 326 236 335 
205 171 139 240 
206 283 147 286 
207 145 284 287 
208 155 277 278 
209 148 169 318 
210 123 304 339 
211 262 230 303 
212 122 262 303 
213 31 148 238 
214 136 30 238 
215 122 94 262 
216 95 126 262 
217 73 74 278 
218 43 44 287 
219 47 48 286 
220 171 241 379 
221 83 6 164 
222 14 2 317 
223 236 122 303 
224 81 82 248 
225 129 326 335 
226 36 141 240 
227 139 35 240 
228 304 133 338 
229 171 240 241 
230 325 140 365 
231 139 170 367 
232 149 170 349 
233 122 236 326 
234 140 364 365 
235 169 148 340 
236 151 73 278 
237 74 155 278 
238 147 47 286 
239 146 43 287 
240 44 145 287 
241 48 160 286 
242 2 115 317 
243 154 81 248 
244 82 153 248 
245 165 169 349 
246 115 251 313 
247 246 239 311 
248 170 167 349 
249 120 263 362 
250 153 167 168 
251 283 286 293 
252 286 160 293 
253 220 246 311 
254 3 33 149 
255 3 149 340 
256 254 121 342 
257 118 12 172 
258 163 10 239 
259 13 14 130 
260 150 243 270 
261 13 130 172 
262 163 239 246 
263 168 167 170 
264 118 172 307 
265 180 181 247 
266 313 174 317 
267 241 242 360 
268 243 244 270 
269 179 176 252 
270 55 56 158 
271 165 135 166 
272 9 10 163 
273 172 130 173 
274 207 208 214 
275 229 192 247 
276 150 54 243 
277 11 118 239 
278 173 130 174 
279 192 180 247 
280 55 158 243 
281 245 177 306 
282 105 106 134 
283 175 174 176 
284 240 141 241 
285 177 245 307 
286 166 135 265 
287 178 176 179 
288 214 208 217 
289 215 245 306 
290 205 206 207 
291 226 192 229 
292 121 254 348 
293 10 11 239 
294 180 179 181 
295 215 214 219 
296 11 12 118 
297 207 214 215 
298 181 179 182 
299 247 181 264 
300 12 13 172 
301 207 206 208 
302 243 158 244 
303 306 177 309 
304 153 168 248 
305 181 182 184 
306 251 115 329 
307 207 215 306 
308 185 198 249 
309 268 150 270 
310 182 179 252 
311 178 179 180 
312 249 198 250 
313 184 182 185 
314 184 185 186 
315 175 176 178 
316 185 182 198 
317 186 185 187 
318 186 188 253 
319 241 141 242 
320 197 186 253 
321 268 270 271 
322 186 187 188 
323 209 189 256 
324 54 55 243 
325 187 185 249 
326 253 188 259 
327 173 174 175 
328 197 253 254 
329 250 198 251 
330 184 186 197 
331 188 187 189 
332 187 249 256 
333 189 187 256 
334 173 175 177 
335 259 203 260 
336 190 203 259 
337 188 189 190 
338 188 190 259 
339 197 254 255 
340 191 209 257 
341 257 209 258 
342 190 189 191 
343 190 191 193 
344 191 189 209 
345 193 191 194 
346 195 230 261 
347 193 194 195 
348 193 195 261 
349 194 191 257 
350 228 196 263 
351 190 193 203 
352 195 194 196 
353 196 194 263 
354 194 257 263 
355 195 196 199 
356 203 193 261 
357 173 177 307 
358 199 196 200 
359 195 199 230 
360 199 200 201 
361 84 85 265 
362 201 200 202 
363 200 196 228 
364 201 202 210 
365 85 131 265 
366 135 84 265 
367 201 210 236 
368 210 202 211 
369 210 211 212 
370 211 202 235 
371 212 211 213 
372 212 213 216 
373 216 213 218 
374 216 218 221 
375 218 213 237 
376 221 218 222 
377 221 222 224 
378 224 222 225 
379 224 225 231 
380 231 225 232 
381 225 222 227 
382 231 232 233 
383 233 232 234 
384 24 25 124 
385 95 96 126 
386 26 27 132 
387 31 32 148 
388 93 94 122 
389 29 30 136 
390 98 99 121 
391 17 18 117 
392 101 7 119 
393 85 86 131 
394 91 92 129 
395 274 143 275 
396 272 143 274 
397 41 42 296 
398 53 150 267 
399 267 150 268 
400 66 67 288 
401 288 144 291 
402 40 143 272 
403 159 66 288 
404 42 146 296 
405 143 41 296 
406 65 159 301 
407 39 40 272 
408 267 269 294 
409 71 72 279 
410 157 71 279 
411 159 288 289 
412 157 279 280 
413 274 275 276 
414 289 288 291 
415 281 280 282 
416 275 143 296 
417 159 290 301 
418 137 39 272 
419 78 79 156 
420 79 80 295 
421 80 154 295 
422 44 45 145 
423 156 79 295 
424 72 151 279 
425 67 144 288 
426 289 291 292 
427 273 272 274 
428 34 35 139 
429 36 37 141 
430 61 62 140 
431 63 64 142 
432 267 268 269 
433 76 77 152 
434 40 41 143 
435 67 68 144 
436 52 53 267 
437 53 54 150 
438 80 81 154 
439 82 83 153 
440 297 156 298 
441 48 49 160 
442 42 43 146 
443 46 47 147 
444 70 71 157 
445 72 73 151 
446 74 75 155 
447 65 66 159 
448 38 39 137 
449 50 51 138 
450 137 272 273 
451 157 280 281 
452 159 289 290 
453 77 78 297 
454 78 156 297 
455 152 77 297 
456 52 267 294 
457 51 52 294 
458 138 51 294 
459 64 65 301 
460 6 84 135 
461 142 64 301 
462 88 89 299 
463 21 22 266 
464 89 90 125 
465 86 87 302 
466 2 15 115 
467 20 21 120 
468 103 104 116 
469 90 91 300 
470 87 88 128 
471 91 129 300 
472 131 86 302 
473 87 128 302 
474 89 125 299 
475 128 88 299 
476 125 90 300 
477 120 21 266 
478 22 23 127 
479 22 127 266 
480 197 255 264 
481 181 184 264 
482 230 199 303 
483 198 182 252 
484 201 236 303 
485 165 166 169 
486 199 201 303 
487 184 197 264 
488 205 207 306 
489 205 204 206 
490 251 198 252 
491 215 219 220 
492 96 97 305 
493 205 306 309 
494 239 118 311 
495 177 175 309 
496 183 180 192 
497 183 204 205 
498 172 173 307 
499 126 96 305 
500 215 220 245 
501 208 206 223 
502 176 174 313 
503 241 360 379 
504 110 111 123 
505 111 112 304 
506 178 180 183 
507 204 192 226 
508 112 113 133 
509 307 245 311 
510 109 110 308 
511 115 313 317 
512 183 205 309 
513 175 178 309 
514 183 192 204 
515 108 109 161 
516 178 183 309 
517 118 307 311 
518 58 59 162 
519 265 131 310 
520 166 265 310 
521 200 228 312 
522 235 202 312 
523 123 111 304 
524 273 298 361 
525 112 133 304 
526 110 123 308 
527 167 165 349 
528 130 14 317 
529 251 252 313 
530 161 109 308 
531 164 135 165 
532 245 220 311 
533 6 135 164 
534 202 200 312 
535 252 176 313 
536 28 29 315 
537 105 134 320 
538 250 251 329 
539 169 166 318 
540 146 287 314 
541 231 128 375 
542 116 104 320 
543 242 141 319 
544 229 247 324 
545 141 37 319 
546 38 137 319 
547 208 223 316 
548 106 107 323 
549 140 271 364 
550 285 69 380 
551 60 61 325 
552 321 229 356 
553 93 122 326 
554 129 92 326 
555 271 140 366 
556 142 271 366 
557 271 142 370 
558 223 206 322 
559 285 283 332 
560 282 145 369 
561 292 160 372 
562 276 155 373 
563 152 276 373 
564 269 290 368 
565 138 292 372 
566 298 273 371 
567 147 282 369 
568 264 255 324 
569 204 226 322 
570 113 114 327 
571 57 58 328 
572 115 15 329 
573 24 124 330 
574 127 23 330 
575 287 284 314 
576 328 162 365 
577 337 308 376 
578 29 136 315 
579 217 208 316 
580 250 329 334 
581 314 284 377 
582 174 130 317 
583 132 237 344 
584 163 246 381 
585 209 256 331 
586 283 293 332 
587 126 305 378 
588 226 229 321 
589 37 38 319 
590 104 105 320 
591 166 310 318 
592 101 119 333 
593 17 117 334 
594 236 210 335 
595 237 132 347 
596 211 235 336 
597 237 213 336 
598 206 204 322 
599 323 161 337 
600 134 106 323 
601 247 264 324 
602 214 217 339 
603 92 93 326 
604 61 140 325 
605 327 163 381 
606 137 273 361 
607 133 113 327 
608 1 9 351 
609 114 1 351 
610 56 4 352 
611 242 298 360 
612 4 57 352 
613 58 162 328 
614 28 315 357 
615 256 249 341 
616 148 32 340 
617 170 149 367 
618 217 337 376 
619 121 99 342 
620 161 308 337 
621 15 16 329 
622 26 132 344 
623 124 25 344 
624 281 285 380 
625 23 24 330 
626 212 216 343 
627 226 321 359 
628 246 220 338 
629 117 18 345 
630 254 253 348 
631 218 237 347 
632 227 222 347 
633 259 260 348 
634 271 270 364 
635 216 221 346 
636 315 227 357 
637 19 20 350 
638 334 117 341 
639 102 103 359 
640 69 70 380 
641 157 281 380 
642 305 97 358 
643 34 139 367 
644 132 27 357 
645 260 203 378 
646 98 121 358 
647 260 305 358 
648 298 156 360 
649 63 142 366 
650 140 62 366 
651 225 227 374 
652 155 75 373 
653 145 45 369 
654 294 269 368 
655 160 49 372 
656 50 138 372 
657 76 152 373 
658 46 147 369 
659 297 298 371 
660 144 68 363 
661 268 271 370 
662 305 260 378 
663 278 277 377 
664 329 16 334 
665 107 8 353 
666 149 33 367 
667 5 60 354 
668 258 209 331 
669 8 108 353 
670 59 5 354 
671 69 285 363 
672 346 221 355 
673 227 315 374 
674 277 314 377 
675 100 101 333 
676 321 102 359 
677 315 136 374 
678 16 17 334 
679 343 216 346 
680 210 212 335 
681 213 211 336 
682 331 117 345 
683 221 224 355 
684 7 102 356 
685 298 242 361 
686 332 144 363 
687 100 333 342 
688 300 129 343 
689 355 224 375 
690 217 316 337 
691 220 219 338 
692 219 214 339 
693 250 334 341 
694 32 3 340 
695 249 250 341 
696 99 100 342 
697 25 26 344 
698 224 231 375 
699 102 321 356 
700 263 257 362 
701 323 107 353 
702 60 325 354 
703 242 319 361 
704 18 19 345 
705 125 300 346 
706 222 218 347 
707 257 258 362 
708 253 259 348 
709 129 335 343 
710 258 331 345 
711 125 346 355 
712 20 120 350 
713 158 56 352 
714 300 343 346 
715 9 163 351 
716 339 217 376 
717 327 114 351 
718 57 328 352 
719 299 125 355 
720 161 323 353 
721 27 28 357 
722 325 162 354 
723 119 7 356 
724 97 98 358 
725 103 116 359 
726 108 161 353 
727 335 212 343 
728 162 59 354 
729 156 295 360 
730 299 355 375 
731 270 244 364 
732 319 137 361 
733 360 295 379 
734 68 69 363 
735 33 34 367 
736 62 63 366 
737 269 268 370 
738 45 46 369 
739 49 50 372 
740 75 76 373 
741 152 297 371 
742 138 294 368 
743 232 225 374 
744 151 278 377 
745 128 299 375 
746 203 261 378 
747 295 154 379 
748 70 157 380 
749 308 123 376 
750 246 338 381 
751 285 332 363 
752 163 327 351 
753 328 158 352 
754 162 325 365 
755 364 244 365 
756 133 327 381 
757 258 350 362 
758 338 133 381 
759 123 339 376 
760 350 120 362 
$EndElements
