460 390 492
385 87 473
343 238 437
83 460 492
300 297 461
461 297 462
301 296 469
469 296 470
382 331 432
298 86 467
86 298 468
91 297 465
296 99 470
297 91 462
99 296 471
320 253 464
253 320 466
301 86 468
86 301 469
299 99 471
99 299 472
362 385 473
429 466 505
463 321 503
467 100 504
466 320 505
298 467 504
268 463 503
275 310 311
101 302 384
475 299 483
472 299 475
303 84 389
362 360 385
352 350 388
346 105 348
343 437 479
361 497 506
497 223 506
242 477 495
432 331 478
238 343 477
388 350 493
385 360 494
310 275 486
302 101 487
23 24 356
40 41 337
477 342 495
331 382 480
303 389 484
348 105 488
348 93 349
357 98 359
81 307 491
295 327 492
23 356 501
337 41 498
349 93 350
359 98 360
473 87 481
84 303 482
305 390 460
97 338 495
105 346 474
275 311 480
384 302 481
315 81 491
327 83 492
334 294 509
307 81 486
327 295 487
224 241 351
342 97 495
294 334 483
359 360 361
237 351 352
237 352 353
241 349 351
237 224 351
349 350 351
331 332 478
361 360 362
353 252 410
93 348 488
338 97 489
98 357 490
484 102 512
237 353 410
303 252 353
351 350 352
241 347 349
347 241 426
345 347 426
308 345 426
308 96 345
57 96 457
96 308 457
73 89 311
110 108 309
108 53 309
277 404 412
200 430 446
51 52 80
70 71 81
309 88 452
335 92 339
404 274 412
213 278 322
452 88 454
43 44 335
51 80 313
322 278 333
70 81 315
175 312 333
103 50 313
102 69 315
186 316 375
317 15 326
44 92 335
319 317 326
112 114 425
80 108 109
72 73 311
69 70 315
50 51 313
277 306 404
32 33 83
175 333 394
13 14 82
341 342 343
314 313 364
341 97 342
38 97 341
325 244 403
330 75 363
42 43 104
153 155 379
310 72 311
312 175 379
316 373 375
332 330 363
54 88 309
61 62 105
244 323 329
32 83 327
229 366 380
13 82 328
229 371 422
366 325 380
274 316 412
80 109 364
101 31 327
80 52 108
445 263 447
100 12 328
333 278 394
323 244 325
287 454 456
103 313 314
365 436 439
364 112 425
265 441 442
323 247 329
380 325 403
369 251 413
54 55 88
347 348 349
104 43 335
373 140 375
78 106 334
147 140 373
31 32 327
12 13 328
175 153 379
73 74 89
96 344 345
264 322 333
366 229 422
52 53 108
89 330 331
312 264 333
354 107 355
347 346 348
345 346 347
89 74 330
314 364 425
109 112 364
21 107 354
82 321 328
53 54 309
96 58 344
355 107 356
374 211 409
354 355 370
316 186 412
355 358 370
430 284 446
245 368 369
340 341 343
155 177 379
345 344 346
329 247 381
35 36 90
57 58 96
288 259 421
355 356 357
90 36 340
82 317 318
340 37 341
16 91 326
313 80 364
245 367 368
173 200 367
16 17 91
37 38 341
245 369 413
336 335 339
38 39 97
114 213 425
210 208 411
78 79 106
81 71 310
250 374 409
56 57 457
258 228 259
258 259 288
82 318 321
193 192 365
197 147 373
255 256 273
94 77 334
255 197 256
273 274 307
196 234 235
273 256 274
170 173 367
235 260 261
358 357 359
261 260 289
109 110 111
367 200 368
160 162 413
21 22 107
58 59 344
208 230 411
174 381 401
235 234 260
192 214 365
95 20 354
229 142 371
76 94 363
381 247 401
177 196 391
142 137 371
82 14 317
214 270 272
436 283 439
209 224 237
381 174 421
130 128 372
262 261 263
95 354 370
77 78 334
76 77 94
109 111 112
74 75 330
272 296 301
109 108 110
139 137 142
134 130 372
251 160 413
214 272 365
137 134 371
75 76 363
235 261 262
209 237 410
331 330 332
143 144 145
254 197 255
20 21 354
15 16 326
19 20 95
143 142 144
230 207 244
190 193 378
139 142 143
339 92 455
272 270 296
166 168 245
168 170 367
71 72 310
36 37 340
230 244 329
274 256 316
196 225 234
276 252 303
184 185 204
286 374 427
230 329 386
170 172 173
184 204 226
233 211 374
371 134 372
230 386 411
355 357 358
285 233 286
372 128 392
251 369 419
184 226 383
211 157 409
286 233 374
264 263 265
14 15 317
143 145 186
170 171 172
173 199 200
266 216 280
186 145 383
262 312 391
379 177 391
245 168 367
318 319 320
138 137 139
177 195 196
178 202 221
145 146 184
262 263 264
144 142 229
226 252 276
235 262 391
173 172 183
226 277 383
173 183 199
376 189 377
145 144 146
183 172 387
9 10 86
135 134 137
163 161 164
148 189 376
144 229 380
199 183 206
248 183 387
226 204 252
184 146 185
161 159 393
371 372 422
151 175 394
199 206 257
266 280 281
168 169 170
148 188 189
162 166 413
145 184 383
232 211 233
187 147 197
189 190 378
249 290 302
277 276 306
284 233 285
178 221 387
149 394 402
190 192 193
269 283 298
143 186 375
141 148 376
206 248 249
394 278 402
182 157 211
198 118 247
138 141 397
11 12 100
249 248 290
264 265 322
271 294 299
268 218 269
312 379 391
159 231 393
239 203 240
113 174 401
164 161 393
186 383 412
158 251 407
30 101 384
172 171 178
189 188 190
30 31 101
117 115 118
151 153 175
214 222 270
29 30 384
125 124 392
424 180 429
206 183 248
163 164 194
28 29 87
128 125 392
87 29 384
127 125 128
123 121 124
247 118 401
166 167 168
292 293 295
226 276 277
133 130 134
66 67 84
217 218 268
244 207 403
246 164 393
172 178 387
113 111 174
115 113 401
269 282 283
292 240 293
170 169 171
290 248 405
208 207 230
112 111 113
139 143 375
182 211 232
120 122 149
119 118 198
149 150 151
196 235 391
239 240 292
232 233 284
194 164 212
269 218 282
127 128 129
104 335 336
146 144 380
377 189 378
123 124 125
212 164 246
248 387 405
228 210 411
324 325 366
187 197 254
27 28 385
67 68 389
212 246 400
28 87 385
149 151 394
307 274 404
135 138 397
218 212 400
280 216 414
84 67 389
141 376 397
286 427 433
155 176 177
181 157 182
149 122 150
117 118 119
256 197 373
181 182 203
132 136 158
262 264 312
217 212 218
124 121 399
198 247 323
158 160 251
126 125 127
47 48 85
151 150 152
192 201 214
194 212 217
127 129 131
159 136 231
123 125 126
120 119 121
68 69 102
122 121 123
114 116 213
120 149 402
213 116 278
156 154 157
259 228 411
240 203 396
48 49 395
117 119 120
148 187 188
49 50 103
120 121 122
324 323 325
158 136 159
140 139 375
118 115 401
160 159 161
152 150 250
162 161 163
198 323 324
132 133 136
141 147 148
114 113 115
392 124 415
383 277 412
65 66 388
129 128 130
219 203 239
133 134 135
168 167 169
278 116 402
156 157 181
119 198 399
66 84 388
203 182 396
236 216 266
407 251 419
116 117 402
68 102 389
182 232 396
255 273 275
162 165 166
116 115 117
282 218 400
112 113 114
124 399 415
117 120 402
386 381 421
123 126 398
194 217 253
318 317 319
121 119 399
129 130 132
150 122 398
166 165 167
135 137 138
122 123 398
198 324 399
234 225 242
178 179 202
196 195 225
138 139 140
387 221 405
209 210 224
231 417 423
185 146 403
205 208 209
158 159 160
166 245 413
190 191 192
85 48 395
252 204 410
153 152 154
224 227 241
202 215 223
250 150 398
246 428 435
151 152 153
316 256 373
204 185 205
207 185 403
322 265 442
239 292 390
49 103 395
177 176 195
254 255 382
132 130 133
141 140 147
181 203 219
114 115 116
131 407 419
399 324 415
376 377 423
386 259 411
138 140 141
148 147 187
231 136 417
157 154 409
160 161 162
324 366 415
146 380 403
132 158 407
167 165 180
155 154 156
131 129 407
280 424 429
236 266 297
178 171 179
129 132 407
190 188 191
219 267 279
243 228 258
25 26 98
163 194 406
337 336 338
270 222 271
215 179 216
154 152 409
205 185 207
162 163 165
153 154 155
199 257 430
152 250 409
219 239 267
329 381 386
214 201 222
236 297 300
365 272 436
188 187 408
171 169 414
215 216 236
369 368 443
6 7 99
201 191 220
180 165 406
255 275 382
202 179 215
136 133 417
156 181 416
219 279 416
417 397 423
135 397 417
279 267 304
155 156 176
246 393 428
194 253 406
205 209 410
392 415 422
205 207 208
165 163 406
204 205 410
443 368 446
192 191 201
191 188 408
133 135 417
209 208 210
225 195 238
187 254 408
267 239 390
280 414 424
227 210 228
181 219 416
374 250 427
179 171 414
220 191 408
415 366 422
44 45 92
174 111 434
216 179 414
167 180 424
127 131 433
224 210 227
223 215 418
227 228 243
271 291 294
372 392 422
288 421 434
63 64 93
176 156 416
368 200 446
428 377 435
169 167 424
304 267 305
236 300 418
243 287 308
271 222 291
397 376 423
441 314 442
414 169 424
250 398 427
200 199 430
243 258 287
281 280 429
215 236 418
398 126 427
393 231 428
433 131 440
259 386 421
104 336 337
421 174 434
201 220 420
430 257 444
423 377 428
427 126 433
416 279 431
238 195 431
176 416 431
241 227 426
408 254 432
85 445 447
126 127 433
222 201 420
249 302 450
305 267 390
195 176 431
193 365 439
243 308 426
293 448 449
231 423 428
285 286 440
272 301 436
291 222 420
254 382 432
238 431 437
400 246 435
111 110 434
377 378 435
378 193 438
213 322 442
431 279 437
220 408 432
400 435 438
227 243 426
286 433 440
435 378 438
282 400 438
279 304 437
438 193 439
444 257 448
282 438 439
283 282 439
131 419 440
263 261 447
232 284 444
103 314 441
284 430 444
206 249 449
293 240 448
454 88 456
425 213 442
47 85 451
395 103 441
285 443 446
314 425 442
448 257 449
285 440 443
395 441 445
265 263 445
396 232 444
284 285 446
419 369 443
85 395 445
449 249 450
441 265 445
92 45 453
440 419 443
339 455 458
396 444 448
55 56 456
261 289 447
240 396 448
287 258 454
257 206 449
458 242 459
295 293 450
110 309 452
85 447 451
46 47 451
234 242 458
308 287 457
46 451 453
293 449 450
451 289 453
45 46 453
288 452 454
338 336 459
92 453 455
447 289 451
258 288 454
434 110 452
88 55 456
289 260 455
288 434 452
456 56 457
455 260 458
287 456 457
453 289 455
339 458 459
260 234 458
336 339 459
352 388 482
479 304 511
306 484 512
343 342 477
33 34 460
328 321 463
91 17 462
19 95 461
318 320 464
297 266 465
86 10 467
11 100 467
406 253 466
436 301 468
429 180 466
9 86 469
296 270 471
99 7 470
271 299 471
298 283 468
6 99 472
507 418 508
506 223 507
223 418 507
418 300 508
281 429 505
502 281 505
346 344 474
59 60 474
4 5 475
83 33 460
18 19 461
18 461 462
100 328 463
17 18 462
321 318 464
266 281 465
180 406 466
10 11 467
283 436 468
8 9 469
8 469 470
7 8 470
270 271 471
5 6 472
363 94 476
100 463 504
321 464 503
465 281 502
90 479 511
242 225 477
361 362 496
420 220 478
361 496 497
94 334 509
359 361 506
460 34 485
350 93 493
360 98 494
340 343 479
437 304 479
290 405 473
89 331 480
81 310 486
101 327 487
106 475 483
344 59 474
332 363 476
276 303 484
305 460 485
35 90 485
461 95 508
275 273 486
450 302 487
105 62 488
97 39 489
63 93 488
25 98 490
5 472 475
404 306 491
390 292 492
65 388 493
93 64 493
27 385 494
98 26 494
389 102 484
303 353 482
459 242 495
300 461 508
202 223 497
79 0 499
0 4 499
22 1 501
1 23 501
356 107 501
2 42 498
41 2 498
60 3 500
3 61 500
104 337 498
326 91 502
268 269 504
253 217 503
334 106 483
302 290 481
382 275 480
225 238 477
91 465 502
463 268 504
464 253 503
220 432 478
388 84 482
473 405 496
362 473 496
90 340 479
311 89 480
87 384 481
290 473 481
353 352 482
291 420 510
40 337 489
356 24 490
299 294 483
306 276 484
34 35 485
294 291 509
273 307 486
295 450 487
476 291 510
62 63 488
24 25 490
337 338 489
39 40 489
357 356 490
307 404 491
292 295 492
64 65 493
26 27 494
420 478 510
338 459 495
291 476 509
474 60 500
4 475 499
491 306 512
405 221 496
496 221 497
221 202 497
106 79 499
107 22 501
42 104 498
61 105 500
319 326 502
217 268 503
269 298 504
485 90 511
319 502 505
320 319 505
358 359 506
370 358 507
370 507 508
358 506 507
95 370 508
476 94 509
304 305 511
102 315 512
105 474 500
475 106 499
478 332 510
332 476 510
305 485 511
315 491 512
