390 460 0 62
492 390 0 853
460 492 0 3
87 385 1 442
473 87 1 60
385 473 1 21
238 343 2 41
437 238 2 696
343 437 2 36
460 83 3 803
83 492 3 68
297 300 4 599
461 297 4 5
300 461 4 861
462 297 5 13
461 462 5 805
296 301 6 267
469 296 6 7
301 469 6 18
470 296 7 12
469 470 7 814
331 382 8 49
432 331 8 40
382 432 8 695
86 298 9 10
467 86 9 783
298 467 9 26
468 298 10 792
86 468 10 17
297 91 11 13
465 297 11 782
91 465 11 880
99 296 12 14
470 99 12 790
462 91 13 779
471 296 14 789
99 471 14 19
253 320 15 16
464 253 15 882
320 464 15 781
466 320 16 25
253 466 16 785
86 301 17 18
301 468 17 786
86 469 18 788
99 299 19 20
299 471 19 791
472 299 20 31
99 472 20 793
385 362 21 33
362 473 21 886
466 429 22 787
505 466 22 25
429 505 22 798
321 463 23 778
503 321 23 820
463 503 23 27
100 467 24 784
504 100 24 819
467 504 24 26
505 320 25 929
298 504 26 926
463 268 27 881
268 503 27 925
310 275 28 44
311 310 28 138
275 311 28 65
302 101 29 45
384 302 29 66
101 384 29 384
299 475 30 31
483 299 30 895
475 483 30 838
472 475 31 851
84 303 32 61
389 84 32 448
303 389 32 50
360 362 33 82
385 360 33 43
350 352 34 90
388 350 34 42
352 388 34 773
105 346 35 64
348 105 35 51
346 348 35 183
479 437 36 833
343 479 36 832
497 361 37 826
506 497 37 38
361 506 37 828
223 497 38 862
506 223 38 795
477 242 39 823
495 477 39 48
242 495 39 860
478 331 40 81
432 478 40 883
477 343 41 776
238 477 41 879
493 350 42 830
388 493 42 854
494 360 43 831
385 494 43 856
486 275 44 845
310 486 44 836
487 101 45 837
302 487 45 846
24 23 46 -1
356 24 46 894
23 356 46 56
41 40 47 -1
337 41 47 57
40 337 47 893
342 477 48 776
495 342 48 73
480 382 49 878
331 480 49 835
484 389 50 858
303 484 50 841
488 105 51 847
348 488 51 84
93 348 52 84
349 93 52 58
348 349 52 167
98 357 53 86
359 98 53 59
357 359 53 238
307 81 54 70
491 307 54 907
81 491 54 67
327 295 55 71
492 327 55 68
295 492 55 908
501 356 56 867
23 501 56 866
498 41 57 869
337 498 57 872
350 93 58 830
349 350 58 80
360 98 59 831
359 360 59 75
481 87 60 889
473 481 60 890
482 303 61 859
84 482 61 884
390 305 62 686
305 460 62 842
338 97 63 85
495 338 63 912
97 495 63 73
474 346 64 800
105 474 64 938
480 311 65 888
275 480 65 878
481 302 66 877
384 481 66 889
81 315 67 113
315 491 67 943
83 327 68 145
294 334 69 74
509 294 69 898
334 509 69 827
486 81 70 836
307 486 70 899
487 295 71 900
327 487 71 837
241 224 72 546
351 241 72 78
224 351 72 79
97 342 73 132
483 334 74 876
294 483 74 895
361 360 75 82
359 361 75 828
351 237 76 79
352 351 76 90
237 352 76 77
353 352 77 891
237 353 77 88
349 241 78 91
351 349 78 80
224 237 79 258
351 350 80 90
332 331 81 277
478 332 81 940
361 362 82 824
252 353 83 89
410 252 83 544
353 410 83 88
93 488 84 849
489 97 85 848
338 489 85 904
490 357 86 906
98 490 86 850
102 484 87 858
512 102 87 937
484 512 87 775
237 410 88 276
252 303 89 296
303 353 89 859
347 241 91 92
349 347 91 167
426 241 92 680
347 426 92 93
347 345 93 184
345 426 93 94
345 308 94 95
308 426 94 689
96 308 95 97
345 96 95 176
96 57 96 204
457 96 96 97
57 457 96 224
457 308 97 752
89 73 98 175
311 89 98 888
73 311 98 123
108 110 99 268
309 108 99 100
110 309 99 748
53 108 100 179
309 53 100 190
404 277 101 126
412 404 101 107
277 412 101 497
430 200 102 663
446 430 102 197
200 446 102 652
52 51 103 -1
80 52 103 153
51 80 103 111
71 70 104 -1
81 71 104 222
70 81 104 113
88 309 105 142
452 88 105 109
309 452 105 748
92 335 106 119
339 92 106 287
335 339 106 217
274 404 107 444
412 274 107 150
278 213 108 476
322 278 108 112
213 322 108 701
454 88 109 721
452 454 109 757
44 43 110 -1
335 44 110 119
43 335 110 168
313 80 111 211
51 313 111 125
333 278 112 156
322 333 112 177
70 315 113 124
312 175 114 139
333 312 114 181
175 333 114 128
50 103 115 483
313 50 115 125
103 313 115 159
69 102 116 472
315 69 116 124
102 315 116 937
316 186 117 195
375 316 117 140
186 375 117 365
15 317 118 313
326 15 118 281
317 326 118 120
92 44 119 639
317 319 120 523
319 326 120 924
114 112 121 517
425 114 121 219
112 425 121 161
108 80 122 153
109 108 122 268
80 109 122 151
73 72 123 -1
72 311 123 138
70 69 124 -1
51 50 125 -1
306 277 126 359
404 306 126 852
33 32 127 -1
83 33 127 803
32 83 127 145
394 333 128 156
175 394 128 348
14 13 129 -1
82 14 129 255
13 82 129 147
342 341 130 132
343 342 130 776
341 343 130 199
313 314 131 159
364 313 131 211
314 364 131 186
97 341 132 133
97 38 133 218
38 341 133 215
244 325 134 157
403 244 134 408
325 403 134 164
75 330 135 266
363 75 135 274
330 363 135 141
43 42 136 -1
104 43 136 168
42 104 136 922
155 153 137 593
379 155 137 200
153 379 137 174
72 310 138 291
379 175 139 174
312 379 139 377
373 316 140 551
375 373 140 169
330 332 141 277
332 363 141 840
88 54 142 166
54 309 142 190
62 61 143 -1
105 62 143 847
61 105 143 923
323 244 144 157
329 323 144 163
244 329 144 293
32 327 145 172
366 229 146 178
380 366 146 149
229 380 146 341
328 82 147 189
13 328 147 173
371 229 148 250
422 371 148 347
229 422 148 178
325 366 149 437
380 325 149 164
316 274 150 294
412 316 150 195
364 109 151 187
80 364 151 211
31 101 152 387
327 31 152 172
101 327 152 837
108 52 153 179
263 445 154 730
447 263 154 715
445 447 154 682
12 100 155 372
328 12 155 173
100 328 155 806
394 278 156 368
323 325 157 485
454 287 158 744
456 454 158 721
287 456 158 768
103 314 159 717
436 365 160 600
439 436 160 257
365 439 160 688
112 364 161 187
364 425 161 186
441 265 162 736
442 441 162 660
265 442 162 554
247 323 163 461
329 247 163 202
380 403 164 573
251 369 165 308
413 251 165 271
369 413 165 216
55 54 166 -1
88 55 166 763
348 347 167 183
104 335 168 430
140 373 169 171
375 140 169 487
106 78 170 221
334 106 170 876
78 334 170 263
140 147 171 560
147 373 171 229
32 31 172 -1
13 12 173 -1
153 175 174 389
74 73 175 -1
89 74 175 185
344 96 176 191
345 344 176 201
322 264 177 374
264 333 177 181
366 422 178 638
53 52 179 -1
330 89 180 185
331 330 180 277
89 331 180 835
264 312 181 458
107 354 182 188
355 107 182 192
354 355 182 194
346 347 183 184
346 345 184 201
330 74 185 266
314 425 186 726
112 109 187 265
107 21 188 243
21 354 188 280
321 82 189 227
328 321 189 778
54 53 190 -1
58 96 191 204
344 58 191 244
356 107 192 867
355 356 192 206
211 374 193 302
409 211 193 310
374 409 193 223
370 355 194 196
354 370 194 262
412 186 195 382
358 355 196 305
370 358 196 931
284 430 197 718
446 284 197 732
368 245 198 212
369 368 198 604
245 369 198 216
341 340 199 209
340 343 199 832
177 155 200 451
379 177 200 320
346 344 201 800
381 247 202 252
329 381 202 597
36 35 203 -1
90 36 203 207
35 90 203 843
58 57 204 -1
259 288 205 226
421 259 205 670
288 421 205 649
357 356 206 906
355 357 206 305
340 36 207 292
90 340 207 887
317 82 208 255
318 317 208 523
82 318 208 227
37 340 209 292
341 37 209 215
91 16 210 214
326 91 210 873
16 326 210 281
367 245 212 321
368 367 212 241
200 173 213 316
367 200 213 241
173 367 213 236
17 16 214 -1
91 17 214 779
38 37 215 -1
245 413 216 541
335 336 217 430
336 339 217 772
39 38 218 -1
97 39 218 848
213 114 219 474
425 213 219 722
208 210 220 628
411 208 220 245
210 411 220 436
79 78 221 -1
106 79 221 920
310 71 222 291
81 310 222 836
374 250 223 635
250 409 223 595
57 56 224 -1
56 457 224 766
228 258 225 584
259 228 225 478
258 259 225 226
258 288 226 761
321 318 227 808
192 193 228 363
365 192 228 248
193 365 228 688
147 197 229 356
197 373 229 455
256 255 230 232
273 256 230 235
255 273 230 513
77 94 231 264
334 77 231 263
94 334 231 827
197 255 232 279
256 197 232 455
274 273 233 235
307 274 233 444
273 307 233 899
234 196 234 295
235 234 234 247
196 235 234 424
274 256 235 294
173 170 236 300
170 367 236 290
260 235 237 247
261 260 237 239
235 261 237 275
357 358 238 305
358 359 238 930
289 260 239 764
261 289 239 742
110 109 240 268
111 110 240 698
109 111 240 265
368 200 241 652
162 160 242 571
413 162 242 353
160 413 242 271
22 21 243 -1
107 22 243 921
59 58 244 -1
344 59 244 839
230 208 245 417
411 230 245 304
381 174 246 259
401 381 246 252
174 401 246 380
260 234 247 771
214 192 248 466
365 214 248 272
20 95 249 282
354 20 249 280
95 354 249 262
142 229 250 328
371 142 250 254
94 76 251 264
363 94 251 818
76 363 251 274
401 247 252 401
196 177 253 324
391 196 253 424
177 391 253 320
137 142 254 269
371 137 254 273
317 14 255 313
270 214 256 390
272 270 256 288
214 272 256 272
283 436 257 812
439 283 257 713
224 209 258 536
209 237 258 276
421 174 259 672
381 421 259 520
128 130 260 499
372 128 260 307
130 372 260 270
261 262 261 275
263 261 261 715
262 263 261 327
95 370 262 934
78 77 263 -1
77 76 264 -1
112 111 265 418
75 74 266 -1
296 272 267 288
272 301 267 693
137 139 269 323
139 142 269 286
130 134 270 405
134 372 270 303
160 251 271 462
365 272 272 600
134 137 273 338
371 134 273 303
76 75 274 -1
235 262 275 330
209 410 276 619
144 143 278 283
145 144 278 335
143 145 278 314
197 254 279 438
254 255 279 558
21 20 280 -1
16 15 281 -1
20 19 282 -1
19 95 282 780
142 143 283 286
144 142 283 328
207 230 284 417
244 207 284 408
230 244 284 293
193 190 285 363
378 193 285 700
190 378 285 357
139 143 286 419
455 92 287 759
339 455 287 739
296 270 288 789
168 166 289 402
245 168 289 321
166 245 289 541
170 168 290 351
168 367 290 321
72 71 291 -1
37 36 292 -1
230 329 293 299
316 256 294 551
225 196 295 533
234 225 295 531
252 276 296 329
276 303 296 841
185 184 297 345
204 185 297 552
184 204 297 301
374 286 298 311
427 374 298 635
286 427 298 450
386 329 299 597
230 386 299 304
172 170 300 315
173 172 300 331
226 204 301 344
184 226 301 309
211 233 302 355
233 374 302 311
371 372 303 347
411 386 304 566
233 285 306 360
286 233 306 311
285 286 306 692
392 128 307 397
372 392 307 648
419 369 308 733
251 419 308 509
383 226 309 332
184 383 309 354
157 211 310 369
409 157 310 570
263 264 312 327
265 263 312 730
264 265 312 374
15 14 313 -1
186 145 314 318
143 186 314 365
171 170 315 415
172 171 315 385
199 173 316 333
200 199 316 663
216 266 317 508
280 216 317 447
266 280 317 350
383 145 318 354
186 383 318 382
312 262 319 458
391 312 319 377
262 391 319 330
379 391 320 377
319 318 322 523
320 319 322 929
318 320 322 781
137 138 323 528
138 139 323 534
195 177 324 557
196 195 324 533
202 178 325 532
221 202 325 919
178 221 325 361
146 145 326 335
184 146 326 345
145 184 326 354
262 264 327 458
144 229 328 341
252 226 329 344
226 276 329 404
235 391 330 424
183 172 331 336
173 183 331 333
277 226 332 404
383 277 332 497
199 183 333 342
189 376 334 340
377 189 334 432
376 377 334 565
146 144 335 431
387 172 336 410
183 387 336 343
10 9 337 -1
86 10 337 783
9 86 337 788
134 135 338 501
135 137 338 528
161 163 339 491
164 161 339 381
163 164 339 395
189 148 340 352
148 376 340 366
144 380 341 431
206 183 342 394
199 206 342 349
183 248 343 394
248 387 343 435
252 204 344 544
185 146 345 538
159 161 346 489
393 159 346 378
161 393 346 381
422 372 347 648
175 151 348 389
151 394 348 443
257 206 349 745
199 257 349 594
281 280 350 665
266 281 350 809
169 168 351 502
170 169 351 415
188 148 352 482
189 188 352 386
166 162 353 514
413 166 353 541
211 232 355 420
232 233 355 426
147 187 356 568
187 197 356 438
190 189 357 386
189 378 357 432
290 249 358 373
302 290 358 877
249 302 358 685
276 277 359 404
306 276 359 896
233 284 360 426
284 285 360 732
387 221 361 535
178 387 361 410
394 149 362 443
402 394 362 368
149 402 362 475
192 190 363 542
283 269 364 413
298 283 364 792
269 298 364 926
143 375 365 419
148 141 366 494
141 376 366 449
248 206 367 394
249 248 367 373
206 249 367 719
402 278 368 503
157 182 369 452
182 211 369 420
118 198 370 422
247 118 370 401
198 247 370 461
141 138 371 567
397 141 371 449
138 397 371 445
12 11 372 -1
11 100 372 784
290 248 373 416
322 265 374 554
294 271 375 647
299 294 375 895
271 299 375 791
218 268 376 407
269 218 376 428
268 269 376 874
231 159 378 469
393 231 378 668
203 239 379 500
240 203 379 479
239 240 379 425
174 113 380 411
113 401 380 412
164 393 381 409
412 383 382 497
251 158 383 462
407 251 383 509
158 407 383 574
101 30 384 387
30 384 384 391
178 171 385 580
172 178 385 410
190 188 386 582
31 30 387 -1
115 117 388 515
118 115 388 488
117 118 388 454
153 151 389 550
222 214 390 598
270 222 390 588
30 29 391 -1
29 384 391 398
124 125 392 433
392 124 392 496
125 392 392 397
180 424 393 642
429 180 393 787
424 429 393 578
194 164 395 427
163 194 395 586
29 28 396 -1
87 29 396 398
28 87 396 442
125 128 397 399
87 384 398 889
125 127 399 463
127 128 399 429
121 123 400 473
124 121 400 460
123 124 400 433
401 118 401 488
167 166 402 527
168 167 402 502
293 292 403 414
295 293 403 747
292 295 403 908
130 133 405 559
133 134 405 501
67 66 406 -1
84 67 406 448
66 84 406 506
218 217 407 459
217 268 407 925
403 207 408 553
164 246 409 434
246 393 409 617
111 113 411 418
174 111 411 640
113 115 412 495
115 401 412 488
282 269 413 428
283 282 413 713
240 292 414 425
293 240 414 720
171 169 415 602
405 248 416 435
290 405 416 834
207 208 417 621
112 113 418 517
139 375 419 487
182 232 420 512
122 120 421 484
149 122 421 453
120 149 421 475
118 119 422 454
119 198 422 505
150 149 423 453
151 150 423 465
149 151 423 443
239 292 425 555
232 284 426 716
212 164 427 434
194 212 427 467
282 218 428 516
129 128 429 499
127 129 429 468
104 336 430 671
146 380 431 573
377 378 432 699
123 125 433 470
212 246 434 441
405 387 435 535
210 228 436 633
228 411 436 478
325 324 437 485
324 366 437 572
187 254 438 630
28 27 439 -1
385 28 439 442
27 385 439 856
68 67 440 -1
389 68 440 511
67 389 440 448
400 246 441 697
212 400 441 446
307 404 444 907
138 135 445 528
135 397 445 614
212 218 446 459
218 400 446 516
414 216 447 641
280 414 447 632
397 376 449 659
433 427 450 676
286 433 450 706
176 155 451 616
177 176 451 557
157 181 452 504
181 182 452 456
150 122 453 526
117 119 454 481
256 373 455 551
203 182 456 507
181 203 456 561
136 132 457 493
158 136 457 486
132 158 457 574
212 217 459 467
399 121 460 524
124 399 460 518
198 323 461 492
160 158 462 540
125 126 463 470
126 127 463 683
48 47 464 -1
85 48 464 543
47 85 464 723
152 150 465 490
151 152 465 550
201 192 466 625
214 201 466 598
194 217 467 522
131 129 468 577
127 131 468 643
136 159 469 486
231 136 469 569
123 126 470 521
119 120 471 481
121 119 471 524
120 121 471 484
69 68 472 -1
68 102 472 511
121 122 473 484
122 123 473 529
116 114 474 562
213 116 474 476
120 402 475 519
278 116 476 503
154 156 477 576
157 154 477 570
156 157 477 504
259 411 478 566
396 203 479 507
240 396 479 743
49 48 480 -1
395 49 480 556
48 395 480 543
117 120 481 519
187 148 482 568
188 187 482 601
50 49 483 -1
49 103 483 556
323 324 485 492
158 159 486 540
139 140 487 534
159 160 489 540
160 161 489 571
250 150 490 548
152 250 490 595
161 162 491 571
162 163 491 592
198 324 492 530
133 132 493 559
136 133 493 610
147 141 494 560
148 147 494 568
113 114 495 517
114 115 495 562
415 124 496 518
392 415 496 620
66 65 498 -1
388 66 498 506
65 388 498 854
129 130 499 525
203 219 500 561
219 239 500 596
133 135 501 627
169 167 502 654
402 116 503 510
156 181 504 611
399 198 505 530
119 399 505 524
388 84 506 884
396 182 507 512
216 236 508 603
236 266 508 579
407 419 509 563
117 116 510 515
402 117 510 519
389 102 511 858
396 232 512 731
275 273 513 845
255 275 513 608
165 162 514 592
166 165 514 527
115 116 515 562
282 400 516 708
415 399 518 564
381 386 520 597
386 421 520 670
398 126 521 667
123 398 521 529
253 217 522 875
194 253 522 618
132 130 525 559
129 132 525 581
398 122 526 529
150 398 526 548
167 165 527 575
399 324 530 564
242 225 531 823
234 242 531 751
179 178 532 580
202 179 532 609
225 195 533 629
138 140 534 567
405 221 535 917
210 209 536 628
224 210 536 644
417 231 537 569
423 417 537 613
231 423 537 691
403 146 538 573
185 403 538 553
208 205 539 621
209 208 539 628
205 209 539 619
191 190 542 582
192 191 542 625
85 395 543 734
410 204 544 623
152 153 545 550
154 152 545 590
153 154 545 593
227 224 546 644
241 227 546 680
215 202 547 609
223 215 547 645
202 223 547 862
250 398 548 662
428 246 549 617
435 428 549 653
246 435 549 697
205 185 552 591
204 205 552 623
185 207 553 591
322 442 554 701
390 292 555 853
239 390 555 631
395 103 556 724
195 176 557 687
382 255 558 608
254 382 558 695
140 141 560 567
181 219 561 634
407 131 563 577
131 419 563 714
415 324 564 572
423 377 565 675
376 423 565 659
259 386 566 670
417 136 569 610
409 154 570 590
415 366 572 638
132 407 574 581
180 165 575 607
167 180 575 642
154 155 576 593
155 156 576 616
407 129 577 581
424 280 578 632
280 429 578 665
297 266 579 782
236 297 579 599
179 171 580 636
191 188 582 626
267 219 583 596
279 267 583 615
219 279 583 612
228 243 584 646
243 258 584 664
26 25 585 -1
98 26 585 857
25 98 585 850
406 194 586 618
163 406 586 622
336 337 587 671
338 336 587 758
337 338 587 904
271 222 588 658
270 271 588 816
179 215 589 609
216 179 589 641
215 216 589 603
409 152 590 595
205 207 591 621
165 163 592 622
430 257 594 674
199 430 594 663
267 239 596 631
222 201 598 684
236 300 599 656
436 272 600 693
408 187 601 630
188 408 601 626
414 169 602 661
171 414 602 636
215 236 603 666
443 368 604 624
369 443 604 733
7 6 605 -1
99 7 605 790
6 99 605 793
191 201 606 625
220 191 606 637
201 220 606 673
406 165 607 622
180 406 607 810
382 275 608 878
417 133 610 627
416 181 611 634
156 416 611 651
416 279 612 677
219 416 612 634
397 417 613 614
423 397 613 659
135 417 614 627
304 267 615 655
279 304 615 709
176 156 616 651
428 393 617 668
406 253 618 785
205 410 619 623
422 415 620 638
392 422 620 648
446 368 624 652
443 446 624 725
191 408 626 637
238 195 629 678
225 238 629 879
408 254 630 681
267 390 631 686
424 414 632 661
210 227 633 644
227 228 633 646
427 250 635 662
179 414 636 641
220 408 637 703
45 44 639 -1
92 45 639 737
434 111 640 698
174 434 640 672
167 424 642 654
433 131 643 669
127 433 643 683
418 215 645 666
223 418 645 796
227 243 646 705
291 271 647 658
294 291 647 898
434 421 649 672
288 434 649 765
64 63 650 -1
93 64 650 855
63 93 650 849
176 416 651 679
377 428 653 675
435 377 653 699
169 424 654 661
305 267 655 686
304 305 655 936
418 300 656 797
236 418 656 666
287 243 657 664
308 287 657 752
243 308 657 689
291 222 658 694
314 441 660 717
442 314 660 726
427 398 662 667
287 258 664 744
281 429 665 798
427 126 667 676
428 231 668 691
440 131 669 714
433 440 669 706
104 337 671 872
420 220 673 825
201 420 673 684
444 257 674 711
430 444 674 718
423 428 675 691
433 126 676 683
431 279 677 702
416 431 677 679
431 195 678 687
238 431 678 696
176 431 679 687
426 227 680 705
432 254 681 695
408 432 681 703
445 85 682 734
85 447 682 749
222 420 684 694
450 302 685 846
249 450 685 735
193 439 688 710
243 426 689 705
448 293 690 720
449 448 690 727
293 449 690 754
440 286 692 706
285 440 692 728
436 301 693 786
291 420 694 892
437 431 696 702
400 435 697 704
434 110 698 762
435 378 699 707
438 193 700 710
378 438 700 707
213 442 701 722
437 279 702 709
220 432 703 883
438 435 704 707
400 438 704 708
282 438 708 712
437 304 709 833
438 439 710 712
448 257 711 727
444 448 711 740
282 439 712 713
440 419 714 738
447 261 715 742
444 284 716 718
232 444 716 731
103 441 717 724
449 249 719 735
206 449 719 745
448 240 720 743
456 88 721 763
425 442 722 726
451 85 723 749
47 451 723 750
395 441 724 729
443 285 725 728
285 446 725 732
449 257 727 745
443 440 728 738
445 441 729 736
395 445 729 734
265 445 730 736
396 444 731 740
419 443 733 738
449 450 735 754
453 45 737 756
92 453 737 759
458 455 739 767
339 458 739 770
396 448 740 743
56 55 741 -1
456 56 741 766
55 456 741 763
447 289 742 760
454 258 744 761
242 458 746 751
459 242 746 860
458 459 746 770
450 293 747 754
295 450 747 900
110 452 748 762
451 447 749 760
47 46 750 -1
46 451 750 753
234 458 751 771
457 287 752 768
453 451 753 755
46 453 753 756
289 451 755 760
453 289 755 769
46 45 756 -1
452 288 757 765
288 454 757 761
459 336 758 772
338 459 758 912
455 453 759 769
434 452 762 765
455 260 764 767
289 455 764 769
456 457 766 768
458 260 767 771
339 459 770 772
482 388 773 884
352 482 773 891
304 479 774 833
511 304 774 936
479 511 774 822
484 306 775 896
306 512 775 916
34 33 777 -1
460 34 777 829
33 460 777 803
328 463 778 806
462 17 779 807
461 95 780 844
19 461 780 804
318 464 781 808
465 266 782 809
467 10 783 811
11 467 784 811
406 466 785 810
436 468 786 812
466 180 787 810
9 469 788 813
471 270 789 816
470 7 790 815
271 471 791 816
468 283 792 812
6 472 793 817
418 507 794 796
508 418 794 797
507 508 794 932
507 223 795 796
506 507 795 933
508 300 797 861
281 505 798 799
281 502 799 821
502 505 799 928
474 344 800 839
60 59 801 -1
474 60 801 914
59 474 801 839
5 4 802 -1
475 5 802 851
4 475 802 915
19 18 804 -1
18 461 804 805
18 462 805 807
100 463 806 819
18 17 807 -1
321 464 808 820
465 281 809 821
11 10 811 -1
9 8 813 -1
8 469 813 814
8 470 814 815
8 7 815 -1
6 5 817 -1
5 472 817 851
476 94 818 935
363 476 818 840
504 463 819 881
503 464 820 882
465 502 821 880
479 90 822 887
90 511 822 927
477 225 823 879
496 362 824 886
361 496 824 826
478 220 825 883
420 478 825 911
497 496 826 918
94 509 827 935
359 506 828 930
485 34 829 897
460 485 829 842
493 93 830 855
494 98 831 857
340 479 832 887
473 405 834 885
290 473 834 890
89 480 835 888
475 106 838 939
106 483 838 876
332 476 840 941
276 484 841 896
305 485 842 942
485 90 843 927
35 485 843 897
508 95 844 934
461 508 844 861
486 273 845 899
450 487 846 900
488 62 847 902
489 39 848 905
63 488 849 902
25 490 850 903
491 306 852 916
404 491 852 907
492 292 853 908
65 493 854 909
493 64 855 909
27 494 856 910
494 26 857 910
482 353 859 891
459 495 860 912
202 497 862 919
0 79 863 -1
499 0 863 864
79 499 863 920
4 0 864 -1
499 4 864 915
1 22 865 -1
501 1 865 866
22 501 865 921
23 1 866 -1
501 107 867 921
42 2 868 -1
498 42 868 922
2 498 868 869
2 41 869 -1
3 60 870 -1
500 3 870 871
60 500 870 914
61 3 871 -1
500 61 871 923
104 498 872 922
502 91 873 880
326 502 873 924
504 269 874 926
268 504 874 881
503 217 875 925
253 503 875 882
481 290 877 890
496 405 885 917
473 496 885 886
510 420 892 911
291 510 892 901
489 337 893 904
40 489 893 905
490 24 894 903
356 490 894 906
35 34 897 -1
509 291 898 913
291 476 901 913
476 510 901 941
63 62 902 -1
25 24 903 -1
40 39 905 -1
65 64 909 -1
27 26 910 -1
510 478 911 940
509 476 913 935
474 500 914 938
499 475 915 939
491 512 916 943
496 221 917 918
497 221 918 919
106 499 920 939
500 105 923 938
319 502 924 928
485 511 927 942
319 505 928 929
358 506 930 933
507 358 931 933
370 507 931 932
370 508 932 934
511 305 936 942
512 315 937 943
510 332 940 941
