4.926001590340264684e-03
4.833370278728033737e-03
4.584980984940732057e-03
5.085509197542808710e-03
5.799330099338846287e-03
3.678628183347555213e-03
3.878396079342064269e-03
5.071782287106542039e-03
5.241047369279694043e-03
4.997400127077797002e-03
4.986873856453345917e-03
3.996592400440199429e-03
3.959306821113181031e-03
4.627278454859570442e-03
4.708007113504301608e-03
3.808986554263705127e-03
3.974933877989970596e-03
4.898018074352592302e-03
4.996654318368637555e-03
4.168298554961750134e-03
4.809583157361699279e-03
4.371713262416700510e-03
4.343058853227482058e-03
3.816729392235446421e-03
4.540770223698633798e-03
4.043386580846489338e-03
4.384294506822337088e-03
4.165283853243832886e-03
4.343054845819732668e-03
4.518253972149723421e-03
3.511810935503192465e-03
4.310797996642091665e-03
3.957030125583422403e-03
4.495521677091791207e-03
4.349356740158597141e-03
4.333709450105228088e-03
4.500959153242369004e-03
3.478102621462085629e-03
3.976521691234324342e-03
4.371653090153367061e-03
3.768654699680650845e-03
3.696204683588600898e-03
4.366248276631284377e-03
4.379537978968619898e-03
4.325539399825926480e-03
4.322262529060868358e-03
4.330127018933258194e-03
4.312492205978111538e-03
4.618396370550800420e-03
4.330079905429986761e-03
4.915761678143756690e-03
4.330082349599748311e-03
4.309701191094031207e-03
4.394459313043879746e-03
4.330127018940344540e-03
4.330149353531978149e-03
4.286872324692733369e-03
4.238914066122574306e-03
4.330127018932519202e-03
4.328925499601626523e-03
4.326194774011209512e-03
4.330104684239275033e-03
4.114362814376513154e-03
4.243552121084267874e-03
4.269922935728552582e-03
4.247907845890110980e-03
4.398177442175353266e-03
5.061539958775647732e-03
4.330062459137936845e-03
4.311804705553781009e-03
4.196728279639413452e-03
3.980747004164742961e-03
4.211295149279306246e-03
4.453514613670915730e-03
5.029080220050327794e-03
4.329955674275654323e-03
4.330127018943408929e-03
4.306533549366010558e-03
5.246285978262739749e-03
4.481480624794919286e-03
4.330127018958228671e-03
4.807426602776936932e-03
4.346867917004600644e-03
3.979612844849937832e-03
4.329562668910191467e-03
4.233860225241460780e-03
4.095374402475423364e-03
4.330405273749907136e-03
4.528486237218565073e-03
4.330127018896946095e-03
4.335430178863182438e-03
4.366673959347991407e-03
4.325320941770604763e-03
4.160809788368064095e-03
4.155332616155096859e-03
4.442715103598530654e-03
4.367511060630282181e-03
4.325608819694988852e-03
4.295301460964582110e-03
4.334985949319280704e-03
4.330127018872412768e-03
4.225631837723392049e-03
4.337650912739589824e-03
4.348422773512512947e-03
4.320616043967924133e-03
4.332722419960719634e-03
4.203664853024235634e-03
4.443065124725387519e-03
4.364072758286438071e-03
4.335102406350523074e-03
4.329047029586495510e-03
4.355614424844850979e-03
4.343391583353386695e-03
4.331882370376101757e-03
4.330027903649796665e-03
4.329977389089205778e-03
4.337039224397197003e-03
4.147487020727156151e-03
4.164944724292117019e-03
4.315512448349592342e-03
4.473513158244235566e-03
4.300826074553360662e-03
5.144864886230243566e-03
4.338359985818438999e-03
4.330050659693039129e-03
4.233860225260756976e-03
4.579967018839221742e-03
4.330444155579241464e-03
4.330020823988971201e-03
4.328424262419893961e-03
4.258681099914021773e-03
4.292440618079173577e-03
4.314082553261354598e-03
4.253796572825041533e-03
4.343421527030954556e-03
4.302450086541495522e-03
4.174686356299133795e-03
4.587889633995268987e-03
3.924564865282665141e-03
4.343399212858058828e-03
4.081952347853543515e-03
4.691763750910319004e-03
4.319046728204576496e-03
4.363914884979425667e-03
4.256765070697251900e-03
4.593779156686603887e-03
4.317059547736505284e-03
4.307932645780895332e-03
4.338856927603124830e-03
4.299976129616767465e-03
4.370217355119269086e-03
4.886725689653161585e-03
4.340056119277249658e-03
4.336092199294438315e-03
4.348949539725422732e-03
4.327392002412461074e-03
4.317706367422417292e-03
4.806183111639502660e-03
4.328165470617853852e-03
4.252387710650140998e-03
4.297254526794357619e-03
3.935547032516548659e-03
4.373149233656350998e-03
4.456093759156527084e-03
4.399601602208907253e-03
4.432398841748265428e-03
4.370229054446033400e-03
4.216738139532249727e-03
4.106376875895505554e-03
4.162314678740682006e-03
4.148314558005061596e-03
4.692717198867033847e-03
4.228430342785256812e-03
4.753893157154919641e-03
4.130173901885586182e-03
4.036031134750611531e-03
4.004789867249046800e-03
4.111055370110029174e-03
4.107897503394841547e-03
3.999990143298766225e-03
4.244090223717064680e-03
4.289808198391673738e-03
4.026027697866201190e-03
4.490099665871723211e-03
3.743582209635107523e-03
3.701490549453541681e-03
3.692409792099663000e-03
3.595585748357271218e-03
3.882788543706377528e-03
3.885466345614769623e-03
3.660254037858294562e-03
3.660254037859042662e-03
3.660254037854735343e-03
3.660254037831644873e-03
3.660254037842045841e-03
3.660254037832386467e-03
3.660254037846341017e-03
3.660254037859023146e-03
3.986401956782254646e-03
3.867670257758851291e-03
4.246832405754020524e-03
3.674643670958814990e-03
3.263908885805674297e-03
3.815479414344268190e-03
4.473772117998558832e-03
3.243090734335301456e-03
3.349364905541588836e-03
3.707629803102011588e-03
3.349364905541629168e-03
3.349364905531662748e-03
3.349364905523177782e-03
3.289179378737993372e-03
3.332933423523341560e-03
3.349364905421254972e-03
3.349364905427921948e-03
3.389937439157477729e-03
3.349364905410044321e-03
3.421088396591239096e-03
3.501976187598677438e-03
3.380649368660896409e-03
3.606392878748835781e-03
3.408795963006188735e-03
3.262813176561640566e-03
3.999065547183587935e-03
3.230609538959178673e-03
3.042719518817716372e-03
2.937548423724992488e-03
2.913503813426880119e-03
3.303733738796975090e-03
2.980096295173728128e-03
3.379636342076057683e-03
2.963156603970729108e-03
2.980096295166760612e-03
3.085391588815728642e-03
3.355733434153720853e-03
2.873741526649218562e-03
2.904667521678075404e-03
3.099449198384048119e-03
3.554028283467285543e-03
2.920195482931588378e-03
2.656270033804035164e-03
2.699992837962008393e-03
