71 80 101
121 75 123
114 48 119
105 51 120
51 105 121
48 114 133
95 121 123
46 85 106
51 121 124
92 41 94
88 52 90
121 95 124
101 80 126
106 85 125
78 71 101
41 92 134
90 52 128
90 45 91
91 45 92
85 46 126
94 41 95
53 114 119
54 105 120
82 98 133
52 88 118
122 55 125
85 86 125
127 47 132
67 63 96
91 93 117
98 82 135
73 93 94
98 48 133
93 96 117
63 62 96
73 67 96
91 92 93
122 125 141
45 90 128
73 94 123
109 127 132
75 121 136
93 92 94
93 73 96
40 56 57
40 27 56
26 27 40
87 49 88
35 36 41
97 44 103
43 18 98
44 25 103
56 49 87
87 88 89
42 9 99
26 40 103
28 49 56
17 18 43
8 9 42
40 57 58
27 28 56
25 26 103
17 43 100
47 7 102
8 42 102
46 16 100
89 88 90
19 48 98
40 58 103
44 97 112
7 8 102
10 50 99
16 17 100
89 90 91
18 19 98
58 97 103
9 10 99
28 29 49
108 112 114
19 20 48
37 38 51
100 43 101
108 44 112
10 11 50
58 57 59
22 23 53
6 7 47
69 67 73
31 32 52
15 16 46
61 59 62
65 63 67
57 56 87
6 47 104
79 83 111
33 34 45
65 67 68
68 74 76
15 46 106
64 66 70
24 25 44
79 82 83
14 15 106
70 78 79
70 71 78
61 62 63
5 6 104
70 66 71
64 63 65
64 65 66
76 74 77
70 79 107
61 63 64
76 77 84
58 60 97
61 64 107
64 70 107
13 14 55
77 74 109
97 60 111
71 72 80
68 69 74
80 81 85
65 68 110
60 59 61
4 5 54
71 66 72
66 65 110
58 59 60
60 61 107
53 23 108
68 67 69
23 24 108
55 14 106
68 76 110
60 107 111
79 78 82
80 72 81
74 75 109
72 66 110
54 5 104
85 81 86
24 44 108
74 69 75
111 83 112
54 104 105
107 79 111
97 111 112
110 76 113
87 89 116
72 110 113
112 83 114
76 84 113
113 84 115
81 72 113
81 113 115
59 57 116
53 108 114
62 59 116
86 81 115
57 87 116
94 95 123
96 62 117
89 91 117
62 116 117
95 41 124
116 89 117
88 49 118
29 30 118
20 21 119
38 39 120
11 12 122
75 69 123
41 36 124
37 51 124
92 45 134
100 101 126
80 85 126
49 29 118
48 20 119
51 38 120
50 11 122
104 47 127
69 73 123
52 32 128
33 45 128
114 83 133
35 41 134
45 34 134
43 98 135
2 22 137
3 31 138
21 2 137
1 13 139
12 1 139
0 4 140
39 0 140
30 3 138
36 37 124
55 106 125
121 105 136
46 100 126
109 75 136
78 101 135
105 104 127
82 78 135
129 115 130
47 102 132
130 84 131
84 77 131
115 84 130
32 33 128
86 115 129
42 99 130
99 129 130
99 50 129
42 130 131
102 42 131
77 109 132
131 77 132
102 131 132
83 82 133
34 35 134
101 43 135
50 122 141
118 30 138
120 39 140
119 21 137
122 12 139
22 53 137
31 52 138
13 55 139
4 54 140
127 109 136
52 118 138
53 119 137
54 120 140
55 122 139
105 127 136
125 86 141
86 129 141
129 50 141
