80 71 0 120
101 80 0 12
71 101 0 14
75 121 1 41
123 75 1 172
121 123 1 6
48 114 2 5
119 48 2 179
114 119 2 21
51 105 3 4
120 51 3 180
105 120 3 22
121 105 4 200
51 121 4 8
133 114 5 186
48 133 5 32
121 95 6 11
95 123 6 161
85 46 7 19
106 85 7 13
46 106 7 98
124 121 8 11
51 124 8 174
41 92 9 15
94 41 9 20
92 94 9 42
52 88 10 24
90 52 10 16
88 90 10 66
124 95 11 165
126 80 12 177
101 126 12 176
125 85 13 26
106 125 13 199
71 78 14 104
78 101 14 203
134 92 15 175
41 134 15 187
128 52 16 184
90 128 16 38
45 90 17 38
91 45 17 18
90 91 17 73
92 45 18 175
91 92 18 36
126 46 19 201
85 126 19 177
95 41 20 165
94 95 20 161
114 53 21 157
53 119 21 235
105 54 22 145
54 120 22 236
98 82 23 30
133 98 23 32
82 133 23 221
118 88 24 167
52 118 24 234
55 122 25 237
125 55 25 199
122 125 25 37
86 85 26 141
125 86 26 239
47 127 27 182
132 47 27 207
127 132 27 40
63 67 28 91
96 63 28 34
67 96 28 35
93 91 29 36
117 93 29 33
91 117 29 163
135 82 30 205
98 135 30 189
93 73 31 43
94 93 31 42
73 94 31 39
48 98 32 67
96 93 33 43
117 96 33 162
62 63 34 105
96 62 34 162
67 73 35 87
73 96 35 43
93 92 36 42
141 125 37 239
122 141 37 224
45 128 38 185
123 94 39 161
73 123 39 183
127 109 40 233
109 132 40 218
136 121 41 200
75 136 41 202
56 40 44 45
57 56 44 92
40 57 44 59
27 40 45 46
56 27 45 60
27 26 46 -1
26 40 46 55
49 87 47 52
88 49 47 167
87 88 47 53
36 35 48 -1
41 36 48 173
35 41 48 187
44 97 49 69
103 44 49 51
97 103 49 75
18 43 50 57
98 18 50 74
43 98 50 189
25 44 51 100
103 25 51 61
49 56 52 56
56 87 52 92
89 88 53 66
87 89 53 149
9 42 54 58
99 9 54 76
42 99 54 213
103 40 55 68
26 103 55 61
49 28 56 77
28 56 56 60
18 17 57 -1
17 43 57 62
9 8 58 -1
8 42 58 64
58 57 59 84
40 58 59 68
28 27 60 -1
26 25 61 -1
100 43 62 81
17 100 62 72
7 47 63 86
102 7 63 70
47 102 63 207
102 42 64 217
8 102 64 70
16 46 65 89
100 16 65 72
46 100 65 201
89 90 66 73
48 19 67 79
19 98 67 74
103 58 68 75
112 97 69 147
44 112 69 82
8 7 70 -1
50 10 71 83
99 50 71 215
10 99 71 76
17 16 72 -1
89 91 73 163
19 18 74 -1
97 58 75 114
10 9 76 -1
29 28 77 -1
49 29 77 178
112 108 78 82
114 112 78 151
108 114 78 157
20 19 79 -1
48 20 79 179
38 37 80 -1
51 38 80 180
37 51 80 174
101 43 81 223
100 101 81 176
44 108 82 142
11 10 83 -1
50 11 83 181
59 57 84 156
58 59 84 128
23 22 85 -1
53 23 85 130
22 53 85 229
7 6 86 -1
6 47 86 93
67 69 87 131
69 73 87 183
32 31 88 -1
52 32 88 184
31 52 88 230
16 15 89 -1
15 46 89 98
59 61 90 124
62 59 90 158
61 62 90 105
63 65 91 108
65 67 91 96
57 87 92 160
104 47 93 182
6 104 93 106
83 79 94 101
111 83 94 144
79 111 94 146
34 33 95 -1
45 34 95 188
33 45 95 185
68 67 96 131
65 68 96 123
74 68 97 121
76 74 97 110
68 76 97 134
15 106 98 102
66 64 99 109
70 66 99 107
64 70 99 116
25 24 100 -1
24 44 100 142
82 79 101 136
83 82 101 221
15 14 102 -1
14 106 102 133
78 70 103 104
79 78 103 136
70 79 103 111
71 70 104 107
61 63 105 112
6 5 106 -1
5 104 106 140
71 66 107 126
63 64 108 112
64 65 108 109
66 65 109 127
77 74 110 118
76 77 110 113
107 79 111 146
70 107 111 116
61 64 112 115
84 77 113 209
76 84 113 152
60 58 114 128
97 60 114 119
107 64 115 116
61 107 115 129
14 13 117 -1
55 14 117 133
13 55 117 231
109 74 118 138
77 109 118 218
111 60 119 135
97 111 119 147
72 71 120 126
80 72 120 137
69 68 121 131
74 69 121 143
81 80 122 137
85 81 122 141
80 85 122 177
110 68 123 134
65 110 123 127
59 60 124 128
60 61 124 129
5 4 125 -1
54 5 125 140
4 54 125 232
72 66 126 139
66 110 127 139
60 107 129 135
108 23 130 132
53 108 130 157
24 23 132 -1
108 24 132 142
55 106 133 199
110 76 134 148
111 107 135 146
82 78 136 205
81 72 137 154
75 74 138 143
109 75 138 202
72 110 139 150
54 104 140 145
86 81 141 159
75 69 143 172
112 83 144 151
111 112 144 147
105 104 145 204
113 76 148 152
110 113 148 150
116 89 149 166
87 116 149 160
72 113 150 154
114 83 151 186
113 84 152 153
115 84 153 210
113 115 153 155
81 113 154 155
81 115 155 159
116 57 156 160
59 116 156 158
62 116 158 164
86 115 159 212
117 62 162 164
89 117 163 166
117 116 164 166
124 41 165 173
118 49 167 178
30 29 168 -1
118 30 168 225
29 118 168 178
21 20 169 -1
119 21 169 227
20 119 169 179
39 38 170 -1
120 39 170 226
38 120 170 180
12 11 171 -1
122 12 171 228
11 122 171 181
123 69 172 183
124 36 173 198
37 124 174 198
134 45 175 188
100 126 176 201
50 122 181 224
104 127 182 204
128 32 184 211
33 128 185 211
133 83 186 221
35 134 187 222
134 34 188 222
43 135 189 223
22 2 190 -1
137 22 190 229
2 137 190 192
31 3 191 -1
138 31 191 230
3 138 191 197
2 21 192 -1
21 137 192 227
13 1 193 -1
139 13 193 231
1 139 193 194
1 12 194 -1
12 139 194 228
4 0 195 -1
140 4 195 232
0 140 195 196
0 39 196 -1
39 140 196 226
3 30 197 -1
30 138 197 225
37 36 198 -1
136 105 200 238
109 136 202 233
135 101 203 223
78 135 203 205
105 127 204 238
115 129 206 212
130 115 206 210
129 130 206 214
132 102 207 220
84 130 208 210
131 84 208 209
130 131 208 216
131 77 209 219
33 32 211 -1
86 129 212 240
130 99 213 214
42 130 213 216
129 99 214 215
129 50 215 241
42 131 216 217
102 131 217 220
77 132 218 219
131 132 219 220
35 34 222 -1
50 141 224 241
118 138 225 234
120 140 226 236
119 137 227 235
122 139 228 237
137 53 229 235
138 52 230 234
139 55 231 237
140 54 232 236
127 136 233 238
141 86 239 240
141 129 240 241
