120 12 14
41 172 6
5 179 21
4 180 22
3 200 8
2 186 32
11 1 161
19 13 98
4 11 174
15 20 42
24 16 66
6 165 8
0 177 176
7 26 199
104 0 203
9 175 187
10 184 38
38 18 73
17 175 36
7 201 177
9 165 161
157 2 235
145 3 236
30 32 221
10 167 234
237 199 37
141 239 13
182 207 40
91 34 35
36 33 163
23 205 189
43 42 39
67 5 23
43 162 29
105 162 28
87 28 43
18 42 29
25 239 224
17 16 185
31 161 183
233 27 218
1 200 202
36 9 31
31 35 33
45 92 59
46 60 44
-1 45 55
52 167 53
-1 173 187
69 51 75
57 74 189
100 61 49
56 47 92
47 66 149
58 76 213
46 68 61
77 52 60
-1 50 62
-1 54 64
44 84 68
-1 56 45
-1 55 51
57 81 72
86 70 207
58 217 70
89 72 201
53 10 73
79 32 74
59 75 55
49 147 82
-1 64 63
83 215 76
-1 62 65
66 17 163
-1 67 50
114 49 68
-1 71 54
-1 178 56
82 151 157
-1 179 67
-1 180 174
62 223 176
142 69 78
-1 181 71
59 156 128
-1 130 229
-1 63 93
131 35 183
-1 184 230
-1 65 98
124 158 105
108 28 96
44 52 160
86 182 106
101 144 146
-1 188 185
91 131 123
121 110 134
89 7 102
109 107 116
-1 51 142
136 221 94
-1 98 133
104 136 111
107 14 103
90 34 112
-1 93 140
99 126 104
112 91 109
108 127 99
97 118 113
103 146 116
105 108 115
110 209 152
128 119 75
112 116 129
99 111 115
-1 133 231
110 138 218
114 135 147
126 137 0
131 143 97
137 141 177
96 134 127
128 90 129
-1 140 232
107 139 120
109 123 139
84 124 114
124 115 135
85 132 157
96 87 121
-1 142 130
117 102 199
97 148 123
129 146 119
103 205 101
120 154 122
143 202 118
126 127 150
125 106 145
122 159 26
100 82 132
121 172 138
94 151 147
140 204 22
111 94 135
119 144 69
134 152 150
53 166 160
139 148 154
144 186 78
113 153 148
152 210 155
137 150 155
154 153 159
84 160 158
130 78 21
90 156 164
141 155 212
92 149 156
20 6 39
34 164 33
73 29 166
158 166 162
20 173 11
149 163 164
47 178 24
-1 225 178
-1 227 179
-1 226 180
-1 228 181
143 183 1
48 198 165
80 8 198
18 188 15
81 12 201
122 19 12
77 168 167
79 169 2
80 170 3
83 171 224
93 27 204
87 39 172
88 211 16
95 38 211
151 221 5
48 15 222
95 222 175
50 30 223
-1 229 192
-1 230 197
-1 190 227
-1 231 194
-1 193 228
-1 232 196
-1 195 226
-1 191 225
-1 174 173
133 13 25
4 238 41
65 176 19
138 41 233
14 223 205
145 182 238
136 203 30
212 210 214
63 220 27
210 209 216
113 219 208
153 208 206
-1 185 184
159 206 240
54 214 216
215 206 213
71 241 214
213 208 217
64 216 220
118 40 219
209 218 220
217 219 207
101 23 186
-1 187 188
81 189 203
181 37 241
168 197 234
170 196 236
169 192 235
171 194 237
85 235 190
88 234 191
117 237 193
125 236 195
40 202 238
24 225 230
21 227 229
22 226 232
25 228 231
204 233 200
26 240 37
212 241 239
215 224 240
