0.000000000000000000e+00 0.000000000000000000e+00 0.000000000000000000e+00
1.000000000000000000e+00 0.000000000000000000e+00 0.000000000000000000e+00
1.000000000000000000e+00 1.000000000000000000e+00 0.000000000000000000e+00
0.000000000000000000e+00 1.000000000000000000e+00 0.000000000000000000e+00
9.999999999981466769e-02 0.000000000000000000e+00 0.000000000000000000e+00
1.999999999995578925e-01 0.000000000000000000e+00 0.000000000000000000e+00
2.999999999992664090e-01 0.000000000000000000e+00 0.000000000000000000e+00
3.999999999989748978e-01 0.000000000000000000e+00 0.000000000000000000e+00
4.999999999986943222e-01 0.000000000000000000e+00 0.000000000000000000e+00
5.999999999989468202e-01 0.000000000000000000e+00 0.000000000000000000e+00
6.999999999992100319e-01 0.000000000000000000e+00 0.000000000000000000e+00
7.999999999994733546e-01 0.000000000000000000e+00 0.000000000000000000e+00
8.999999999997367883e-01 0.000000000000000000e+00 0.000000000000000000e+00
1.000000000000000000e+00 9.999999999981466769e-02 0.000000000000000000e+00
1.000000000000000000e+00 1.999999999995578925e-01 0.000000000000000000e+00
1.000000000000000000e+00 2.999999999992664090e-01 0.000000000000000000e+00
1.000000000000000000e+00 3.999999999989748978e-01 0.000000000000000000e+00
1.000000000000000000e+00 4.999999999986943222e-01 0.000000000000000000e+00
1.000000000000000000e+00 5.999999999989468202e-01 0.000000000000000000e+00
1.000000000000000000e+00 6.999999999992100319e-01 0.000000000000000000e+00
1.000000000000000000e+00 7.999999999994733546e-01 0.000000000000000000e+00
1.000000000000000000e+00 8.999999999997367883e-01 0.000000000000000000e+00
8.999999999995835775e-01 1.000000000000000000e+00 0.000000000000000000e+00
7.999999999999998224e-01 1.000000000000000000e+00 0.000000000000000000e+00
7.000000000006934009e-01 1.000000000000000000e+00 0.000000000000000000e+00
6.000000000013868684e-01 1.000000000000000000e+00 0.000000000000000000e+00
5.000000000020586866e-01 1.000000000000000000e+00 0.000000000000000000e+00
4.000000000016644131e-01 1.000000000000000000e+00 0.000000000000000000e+00
3.000000000012483237e-01 1.000000000000000000e+00 0.000000000000000000e+00
2.000000000008322065e-01 1.000000000000000000e+00 0.000000000000000000e+00
1.000000000004160061e-01 1.000000000000000000e+00 0.000000000000000000e+00
0.000000000000000000e+00 8.999999999995835775e-01 0.000000000000000000e+00
0.000000000000000000e+00 7.999999999999998224e-01 0.000000000000000000e+00
0.000000000000000000e+00 7.000000000006934009e-01 0.000000000000000000e+00
0.000000000000000000e+00 6.000000000013868684e-01 0.000000000000000000e+00
0.000000000000000000e+00 5.000000000020586866e-01 0.000000000000000000e+00
0.000000000000000000e+00 4.000000000016644131e-01 0.000000000000000000e+00
0.000000000000000000e+00 3.000000000012483237e-01 0.000000000000000000e+00
0.000000000000000000e+00 2.000000000008322065e-01 0.000000000000000000e+00
0.000000000000000000e+00 1.000000000004160061e-01 0.000000000000000000e+00
4.500000000018615220e-01 9.133974596216762887e-01 0.000000000000000000e+00
9.236792741065183443e-02 4.605742807381246195e-01 0.000000000000000000e+00
5.499999999988205435e-01 8.660254037843170827e-02 0.000000000000000000e+00
9.152217186777625857e-01 5.468402906274979491e-01 0.000000000000000000e+00
6.500000000008002710e-01 9.133974596219511799e-01 0.000000000000000000e+00
8.885430207258679380e-02 6.509201999022066198e-01 0.000000000000000000e+00
9.133974596218086273e-01 3.499999999991206256e-01 0.000000000000000000e+00
3.475303635242553146e-01 8.190748804974723463e-02 0.000000000000000000e+00
9.103703875043376303e-01 7.586725654707320299e-01 0.000000000000000000e+00
2.508173017626870172e-01 9.138693290130381897e-01 0.000000000000000000e+00
7.459788032314766948e-01 7.959225689678917082e-02 0.000000000000000000e+00
8.660254037880420197e-02 2.500000000010402235e-01 0.000000000000000000e+00
9.056972474474829504e-02 8.408174380938656656e-01 0.000000000000000000e+00
8.495762630717529351e-01 9.153227954948183198e-01 0.000000000000000000e+00
1.504237369277890979e-01 8.467720450543256283e-02 0.000000000000000000e+00
9.170502595852438876e-01 1.505932316990230002e-01 0.000000000000000000e+00
3.501362169619657849e-01 9.134761045201358343e-01 0.000000000000000000e+00
4.000227028286921782e-01 8.268080267265111027e-01 0.000000000000000000e+00
5.000037838059685491e-01 8.267971038241898052e-01 0.000000000000000000e+00
4.500044144404197755e-01 7.401949275428532093e-01 0.000000000000000000e+00
5.500013663751487369e-01 7.401931677420533484e-01 0.000000000000000000e+00
5.000009634704362105e-01 6.535903947466353836e-01 0.000000000000000000e+00
3.996660322685217093e-01 6.539624100660313966e-01 0.000000000000000000e+00
4.492890262150219249e-01 5.674132367139482769e-01 0.000000000000000000e+00
5.498816649485163133e-01 5.670583805869817695e-01 0.000000000000000000e+00
4.998617818618977249e-01 4.804675945786102131e-01 0.000000000000000000e+00
5.999572411359391788e-01 4.804104109524929833e-01 0.000000000000000000e+00
3.992029949383342213e-01 4.808333042715238759e-01 0.000000000000000000e+00
4.498441294682413161e-01 3.938707812513984052e-01 0.000000000000000000e+00
3.508014145113754201e-01 3.944261231392706124e-01 0.000000000000000000e+00
6.499731510146841140e-01 5.670034207262444337e-01 0.000000000000000000e+00
7.044542185661737399e-01 4.836609274158973903e-01 0.000000000000000000e+00
6.507352432846275070e-01 3.943325211712253031e-01 0.000000000000000000e+00
2.989417123120313158e-01 4.807819782420582055e-01 0.000000000000000000e+00
4.001075906650122249e-01 3.073017552560429189e-01 0.000000000000000000e+00
3.000000000029333092e-01 3.071796769753512013e-01 0.000000000000000000e+00
4.999919533568896179e-01 3.072147840053002787e-01 0.000000000000000000e+00
4.500000000024970137e-01 2.205771365973900888e-01 0.000000000000000000e+00
7.516124797967327353e-01 5.701303236396059182e-01 0.000000000000000000e+00
7.002642718023640578e-01 6.541163631790485322e-01 0.000000000000000000e+00
7.535358109397499726e-01 3.987254670893927155e-01 0.000000000000000000e+00
7.000000000012374102e-01 3.071796769756576784e-01 0.000000000000000000e+00
8.000000000003887335e-01 6.535898384882725676e-01 0.000000000000000000e+00
7.471434102059781868e-01 7.386054505286094862e-01 0.000000000000000000e+00
5.500000000021412205e-01 2.205771365975499054e-01 0.000000000000000000e+00
8.109810542586333160e-01 3.047536098154711159e-01 0.000000000000000000e+00
7.487737367126545696e-01 2.215627586077860978e-01 0.000000000000000000e+00
3.001627035935244270e-01 8.268888562051476265e-01 0.000000000000000000e+00
1.994089234458852888e-01 8.296981761685946477e-01 0.000000000000000000e+00
2.499286045088535968e-01 7.410578833522044606e-01 0.000000000000000000e+00
1.494939110587455988e-01 7.431601482469268882e-01 0.000000000000000000e+00
1.967429917984384879e-01 6.534863612147316925e-01 0.000000000000000000e+00
1.475064708395240065e-01 5.596891567283326374e-01 0.000000000000000000e+00
2.461396475416215979e-01 5.647585225755523686e-01 0.000000000000000000e+00
2.006125504552571104e-01 4.738835212418011089e-01 0.000000000000000000e+00
1.629581819743509130e-01 3.803886475363472131e-01 0.000000000000000000e+00
3.488732355465842816e-01 5.672558538991081534e-01 0.000000000000000000e+00
6.000008583640310533e-01 8.267954148199790909e-01 0.000000000000000000e+00
8.994183955992581803e-01 6.528983889292931941e-01 0.000000000000000000e+00
6.499999999991333821e-01 8.660254037864022203e-02 0.000000000000000000e+00
9.157740970141775572e-01 4.494733817703521206e-01 0.000000000000000000e+00
8.167956118738322058e-01 4.899817334731325080e-01 0.000000000000000000e+00
4.498499977837827069e-01 8.393456559302377162e-02 0.000000000000000000e+00
5.500007736960177418e-01 9.133979063146326904e-01 0.000000000000000000e+00
2.471893802660855011e-01 8.407329706072977360e-02 0.000000000000000000e+00
1.856343100128921009e-01 1.794039491425672983e-01 0.000000000000000000e+00
9.132469817449553329e-01 2.508911402519999889e-01 0.000000000000000000e+00
6.000202362686519741e-01 6.536923509744799743e-01 0.000000000000000000e+00
7.499293771789072860e-01 9.137183489341744735e-01 0.000000000000000000e+00
3.492006954957145859e-01 2.288327370242558001e-01 0.000000000000000000e+00
5.500650581848781639e-01 3.939126281557883136e-01 0.000000000000000000e+00
6.495716905027345556e-01 7.400329444146918068e-01 0.000000000000000000e+00
6.994408893754024970e-01 8.265574229272837359e-01 0.000000000000000000e+00
6.001320424719058799e-01 3.072989805838406974e-01 0.000000000000000000e+00
8.150407418201517373e-01 8.183024367054093640e-01 0.000000000000000000e+00
6.500000000016618040e-01 2.205771365975225107e-01 0.000000000000000000e+00
3.499640762739978928e-01 7.407829625697137654e-01 0.000000000000000000e+00
2.985524313230029092e-01 6.535506656128902137e-01 0.000000000000000000e+00
1.530678781041704128e-01 9.178724624824317058e-01 0.000000000000000000e+00
9.167537064254056567e-01 8.508718537559957218e-01 0.000000000000000000e+00
8.296629115975592828e-02 1.498875452108656969e-01 0.000000000000000000e+00
1.890575670468488956e-01 2.940842362157939927e-01 0.000000000000000000e+00
8.440933898604551233e-01 9.385434397709344068e-02 0.000000000000000000e+00
2.503952377171326793e-01 3.884573638917703242e-01 0.000000000000000000e+00
7.972803913531335829e-02 3.493512757062616214e-01 0.000000000000000000e+00
8.380531170040466105e-01 1.999999999995608901e-01 0.000000000000000000e+00
8.406928938275632923e-01 3.992789991981975928e-01 0.000000000000000000e+00
2.898261153518068012e-01 1.633999302292042100e-01 0.000000000000000000e+00
6.578358757521612921e-02 7.469795572487384350e-01 0.000000000000000000e+00
6.999999999992163602e-01 1.535898384871378919e-01 0.000000000000000000e+00
5.999999999988372412e-01 1.535898384867515065e-01 0.000000000000000000e+00
4.999999999989004906e-01 1.535898384865984068e-01 0.000000000000000000e+00
3.977345286928261059e-01 1.553736159967032127e-01 0.000000000000000000e+00
8.325961894321559642e-01 7.301442841501419867e-01 0.000000000000000000e+00
6.525626353167121585e-02 5.500000000017228885e-01 0.000000000000000000e+00
8.366096411895949103e-01 5.826881150315603719e-01 0.000000000000000000e+00
2.613872612265488171e-01 2.359890604552143112e-01 0.000000000000000000e+00
9.267949192430979810e-01 9.267949192431389482e-01 0.000000000000000000e+00
7.320508075687601202e-02 9.267949192431240713e-01 0.000000000000000000e+00
9.267949192432314298e-01 7.320508075664823588e-02 0.000000000000000000e+00
7.320508075662228442e-02 7.320508075678340554e-02 0.000000000000000000e+00
7.753798093615698050e-01 1.497198395936734927e-01 0.000000000000000000e+00
