1.434742902022046818e-03
1.503969034278880264e-03
1.309505426328621581e-03
1.260346336953991047e-03
1.196040334114016829e-03
1.250049412799962220e-03
1.219577526352316451e-03
1.263291478442861871e-03
1.263495824557407058e-03
1.241528686620513690e-03
1.213787250906876464e-03
1.221602690419608004e-03
1.263291478470830818e-03
1.260152837043835997e-03
1.256037700868161029e-03
1.039506695592981372e-03
1.242213166009068512e-03
1.347514330165346629e-03
1.219577526347131796e-03
1.240086403169513019e-03
1.290714074214730162e-03
1.105239375719246128e-03
1.221028067668261056e-03
1.215682359349982327e-03
1.142965106211505212e-03
1.047590849030420775e-03
1.027753122606817017e-03
1.105007879787062077e-03
1.183035925235386386e-03
1.169770086948034591e-03
1.108041962107585805e-03
1.206726359098325490e-03
1.204275776191149859e-03
1.018105355967588357e-03
1.158224332312351263e-03
1.247388353006644631e-03
1.284378402342773980e-03
1.100709025720814213e-03
1.078715120207616052e-03
1.187406296444213152e-03
1.193391023103181937e-03
1.246458501516710740e-03
9.468538182741084068e-04
9.427013834340041646e-04
9.938840414572996159e-04
9.843777725776681111e-04
1.151257996253782310e-03
1.151449837204410100e-03
1.029824877698485869e-03
1.058136995537657405e-03
1.223109896996667049e-03
9.938234791399766250e-04
1.225990917508693739e-03
1.132803527152660217e-03
1.041317377504080016e-03
1.051907726130875626e-03
8.839428247297838976e-04
8.839131468329388796e-04
1.268241734652046909e-03
1.236238873569520938e-03
1.059984609229371738e-03
1.011489828498038151e-03
1.214596286874477377e-03
1.066974543896804378e-03
1.135164357483422776e-03
1.006762260947993703e-03
1.000840730623365213e-03
1.071126373315284220e-03
1.137600161941386846e-03
9.002867044168294790e-04
9.470312685892522727e-04
9.410617154466336667e-04
1.128061717876901017e-03
1.012573426666997858e-03
9.358960586138718660e-04
1.051778684283052705e-03
1.114662370004600514e-03
1.086151941483288726e-03
1.132820111117688062e-03
1.101104884182612428e-03
1.141224581210958846e-03
1.120264246385169584e-03
8.728100832528548191e-04
1.084452411302260551e-03
9.937377601517804592e-04
9.362817286950482747e-04
9.949506422238874395e-04
7.504793563322726844e-04
1.096191992787166327e-03
1.242645134978707586e-03
1.072239629435531045e-03
1.123368278519661567e-03
1.091199701926820866e-03
1.081371718907019660e-03
1.081534494665153771e-03
1.080545263516374333e-03
1.082528652729113083e-03
1.082556103847769936e-03
1.069457757827844534e-03
1.082531754724421705e-03
1.082531754726836441e-03
1.050321237499408054e-03
1.082531754725773272e-03
1.082531754733081879e-03
1.261664105014381103e-03
1.082534428913056995e-03
1.076200007784427213e-03
1.000699629598569319e-03
1.082524945214405083e-03
1.082560657779997994e-03
1.077879859025125458e-03
1.082531754723963955e-03
1.082526567161867272e-03
1.185455037306276747e-03
1.082509468337091926e-03
1.082531754720178572e-03
9.497705407885664430e-04
1.081613898867726277e-03
1.025751067896691401e-03
1.073227963318004307e-03
1.054141411313648264e-03
1.082531754719205392e-03
1.082531754727158449e-03
1.082531754741539306e-03
1.011794456628698066e-03
1.082531754719950239e-03
9.430474668731812001e-04
8.498104923041749619e-04
1.082530566185234064e-03
1.082531754733010321e-03
1.010693263764550574e-03
1.082531754718700371e-03
9.744782578198021589e-04
1.237322777320401957e-03
1.082531754721612754e-03
1.065165150726144969e-03
1.054620380524010775e-03
1.082529748956935576e-03
1.065910396127798523e-03
1.082517714361484751e-03
1.082136370662643409e-03
1.033579716037027595e-03
1.082531754733076675e-03
1.132121559311079911e-03
1.082531754721115539e-03
9.824031365630028420e-04
1.082531754722268046e-03
1.069234138046171786e-03
1.082531754721196421e-03
1.082531754722148567e-03
1.069953185343686152e-03
1.082531754720637623e-03
1.274719353955557901e-03
1.082531754730780768e-03
1.082499442246265655e-03
1.070421447715342233e-03
1.082528486244568400e-03
1.082531754721076725e-03
1.082573545268147993e-03
1.082531754717653031e-03
1.075780381184147753e-03
1.082531754718275580e-03
1.082527821822650525e-03
1.082531754720564982e-03
1.082531754721240656e-03
1.082531754722193887e-03
1.082531754737076947e-03
1.115695254454226017e-03
1.031360902008971684e-03
1.082461150426971934e-03
1.210139241209447648e-03
1.082447029568180206e-03
1.240994349436809821e-03
1.087686830984369891e-03
1.082527743190987712e-03
1.056383760903101959e-03
1.075655418305565113e-03
1.082509116753240267e-03
1.082531754720752332e-03
1.082531754733927340e-03
1.279332044196854071e-03
1.082509372974660000e-03
1.049968484820742662e-03
1.101348228601699676e-03
1.103871293587401544e-03
1.067278758335466751e-03
1.082531754718728126e-03
1.082531754720113086e-03
1.026709006312175390e-03
1.096440935059569879e-03
1.082531754736244496e-03
1.070735019951213384e-03
1.142119487572452498e-03
1.082531754721934546e-03
1.040915923340774828e-03
1.065610082663475712e-03
1.061900226093062411e-03
1.082531754723941404e-03
1.082531754723267681e-03
1.242582783030540252e-03
1.082533760487924476e-03
1.078003251049341159e-03
1.082531754720168164e-03
9.294531000912582049e-04
1.082531754736646736e-03
1.082569838336541702e-03
1.243029802654288182e-03
9.930144363208717566e-04
1.076652399674520250e-03
1.081635991737746891e-03
1.110922098156300660e-03
1.082531754719659239e-03
1.082531754723828647e-03
1.082531754725294271e-03
1.082531754736246882e-03
1.094966765443884226e-03
1.082531754724832184e-03
1.078009078341898722e-03
1.208562355801978856e-03
1.082531754717803302e-03
1.082477382724856673e-03
1.060204999938388522e-03
1.283624781464613642e-03
1.082531754721461400e-03
1.082534856762793103e-03
1.082713879351985013e-03
1.082582311721002862e-03
1.048531946010245516e-03
1.082368439307628905e-03
1.082616479879982977e-03
1.064231121059747848e-03
1.157349652165225477e-03
1.082531754723524203e-03
9.977846338966277207e-04
1.079705051333442085e-03
1.048980593006673201e-03
1.082531754726240780e-03
1.082281919816470428e-03
1.068492961712306458e-03
1.082352111521694190e-03
1.082531754719265240e-03
1.082531754726522889e-03
1.082531754723957016e-03
1.054620380523984321e-03
1.076633387339671639e-03
1.082504568723173131e-03
1.082531754718584578e-03
1.081204060701889584e-03
1.082450097016472972e-03
1.021794157647528626e-03
1.082531754721639209e-03
1.003962426766977179e-03
1.082531754719325738e-03
1.082586639424011100e-03
1.082531754722032124e-03
1.082531754732134503e-03
1.079102130942613709e-03
1.076440949304023967e-03
1.077888472363998981e-03
1.082539550581858951e-03
1.082531754720715469e-03
1.082429639660712622e-03
1.039711770431754004e-03
1.236079124741794755e-03
1.047054388760055785e-03
1.082531754719090900e-03
1.078173755765410953e-03
1.083511647236106183e-03
1.082531754722279322e-03
1.082531754721659592e-03
1.082531754721258004e-03
1.082531754723643248e-03
1.081633519925847848e-03
1.082531754721592588e-03
1.071853097981879986e-03
1.082298575483439315e-03
1.084024050836714234e-03
1.233606417262381920e-03
1.082531754720329710e-03
1.082531754724273820e-03
1.082531754736046521e-03
1.054141411316778356e-03
1.047753439899767229e-03
1.082531754720883303e-03
1.082531754722162445e-03
1.082531754724306346e-03
1.082531754721362087e-03
1.079578010968305132e-03
1.085961378511076736e-03
1.082531754725561202e-03
1.082531754725862393e-03
1.122280805096687690e-03
1.031111217920326452e-03
1.082531754721033357e-03
1.080498350983394524e-03
1.071738887251045885e-03
1.238277255614161649e-03
1.082531754719130799e-03
1.082531754721853447e-03
1.082526878160033944e-03
1.082531754725741396e-03
1.082531754718822018e-03
1.082531754722742276e-03
1.082531754721431910e-03
1.082549187598404400e-03
1.087183650432959475e-03
1.082531754718881216e-03
1.082531754720488003e-03
1.082531754720961583e-03
1.083002491300905134e-03
1.082531754722536061e-03
1.082531754722841806e-03
1.082501819694883186e-03
1.082531754733646748e-03
1.082531754721152836e-03
1.082531754725932866e-03
1.082531754726460222e-03
1.076452226870646062e-03
1.081590281556733552e-03
1.082442644402816781e-03
1.082480881553202212e-03
1.082531754724791852e-03
1.089228349671138426e-03
1.082531754722454529e-03
1.082531754723950511e-03
1.039663497682018342e-03
1.082531754719567949e-03
1.082476103664196769e-03
1.082531754721936064e-03
1.066228378456543458e-03
1.082130988161065501e-03
1.082531754725515665e-03
1.080648808393097496e-03
1.082531754724924775e-03
1.082531754724041367e-03
1.082531754719813413e-03
1.077423761814341957e-03
1.082531754724235656e-03
1.082531754722293417e-03
1.082531754723848379e-03
1.082531754724428861e-03
1.082531754721513875e-03
1.082531754722939601e-03
1.079977758269372399e-03
1.083818036082973479e-03
1.082531754719337448e-03
1.082531754722930494e-03
1.082531754721034875e-03
1.082532051856728312e-03
1.082531754721567218e-03
1.028300060725564121e-03
1.082531754725829000e-03
1.082531754724935617e-03
1.082531754724562435e-03
1.082061018138079410e-03
1.082531754722452578e-03
1.082531754724887912e-03
1.082531754723871798e-03
1.249756351264816150e-03
9.956269192495700165e-04
1.082531754720375246e-03
1.054437793714841981e-03
1.082531209974272202e-03
1.082531754724983539e-03
1.089855973960130245e-03
1.082432908706841253e-03
1.082531754724166701e-03
1.082531754721269279e-03
1.082531556629288093e-03
1.082531754723060598e-03
1.082531754719523714e-03
1.082531754723016579e-03
1.116124994924227445e-03
1.053470009161563362e-03
1.082518135706482705e-03
1.151433175933818829e-03
8.833268508045606258e-04
1.082436025681834469e-03
1.082531754722555143e-03
1.082531754722155506e-03
1.082531754718176484e-03
1.082531754723331432e-03
1.072679502263774185e-03
1.082531754722622364e-03
1.048923856967889229e-03
1.082531754726015049e-03
1.082531754725160481e-03
1.121708212212564702e-03
1.082531754718594769e-03
1.082531754722963237e-03
1.076652399668626093e-03
1.082531754724236957e-03
1.082531754719931807e-03
1.138352340914365124e-03
1.082531754723908661e-03
1.082531754723994530e-03
1.096767817223251104e-03
1.082531754720159490e-03
1.078497479781747627e-03
1.082531754720314531e-03
1.082531754719742289e-03
1.082531754719343519e-03
1.082531754725333520e-03
1.040726781228746255e-03
1.051463140321983727e-03
1.082531754721777120e-03
1.082531754715534283e-03
1.021424457710629974e-03
1.082531754721326959e-03
1.082531754723441153e-03
1.079977758270147603e-03
1.082531754717599038e-03
1.082531754718355811e-03
1.080505709985529620e-03
1.042592041103664697e-03
1.082531754725934818e-03
1.021904752634602990e-03
1.082531754721591938e-03
1.082531754719052303e-03
1.082334062691901267e-03
1.082531754721686697e-03
1.082531754719731230e-03
1.082531754718889239e-03
1.082531754720067333e-03
1.082384551089016038e-03
1.060746456386933885e-03
1.082531754719338315e-03
1.082531754724024020e-03
1.079377272120033175e-03
1.082531754720676871e-03
1.058496960265106713e-03
1.082531754720664511e-03
1.082531754723923406e-03
1.082531754719928121e-03
1.082531754723402989e-03
1.009982847156048850e-03
1.082375588659350001e-03
1.082531754720834731e-03
1.082531754724871433e-03
1.242281366866961750e-03
1.074350800129403663e-03
1.083451812149367754e-03
1.292378055393542460e-03
1.082531457586719025e-03
9.842320409582955981e-04
1.082531754722845926e-03
1.079640145670073426e-03
1.081005595319565462e-03
1.044387441045350551e-03
1.082531754723564752e-03
1.082531754720254466e-03
1.082531754722697174e-03
1.082531754722986005e-03
1.082531754719874345e-03
1.082531754718750461e-03
1.082701205036455195e-03
1.082531754723275921e-03
1.082531754722098043e-03
1.082441112461711560e-03
1.030482791770141954e-03
1.082531754719535206e-03
1.082531754719955443e-03
1.082531754723464572e-03
1.082531754720132385e-03
1.082531754709491808e-03
1.082531754720316916e-03
1.082531754727127874e-03
1.054141411294658680e-03
1.082531754720287209e-03
1.082531754722373214e-03
1.082531754719951974e-03
1.082531754719386454e-03
9.892848579035385705e-04
1.082531754719796499e-03
1.082531754719471455e-03
1.082531705197295165e-03
1.082531754720155153e-03
1.082531754722407692e-03
1.082629402054719912e-03
1.082531754721388325e-03
1.082531754712320491e-03
1.082531754719153350e-03
1.082531754725102151e-03
1.082531754715970133e-03
1.082531754719580092e-03
1.082531754720815432e-03
1.082531754722508739e-03
1.082432908707477246e-03
1.082531754718944316e-03
1.082531754723588821e-03
1.082531754720624829e-03
1.082531754724244981e-03
1.082531754720307592e-03
1.082531754721943219e-03
1.082531754724878155e-03
1.082531754718998093e-03
1.082531754719627797e-03
1.084400548581558772e-03
1.173565726661086883e-03
1.082531754721105131e-03
1.082531754723784628e-03
1.082531754722009572e-03
1.082531754725845046e-03
1.082531804241203439e-03
1.082531754722841806e-03
1.082531754719180672e-03
1.252130456177776713e-03
1.082531754720764041e-03
1.078849250522429621e-03
1.082531754720153418e-03
1.082531705196652667e-03
1.039409186213493446e-03
1.082531754721225044e-03
1.226611450798845366e-03
1.082531754724958169e-03
1.082531754718271243e-03
1.074776984990200458e-03
1.082531754718595637e-03
1.082531754719347422e-03
1.082531655674604963e-03
1.082533711978558898e-03
1.082531754719816015e-03
1.110922098153667784e-03
1.079592077200427352e-03
1.082531754719410306e-03
1.082531754721504985e-03
1.082531754719929856e-03
1.082531754725264564e-03
1.082531754722573791e-03
1.082531754719744024e-03
1.082531754719319450e-03
1.094530760558576647e-03
1.027443198104290197e-03
1.064029696203632911e-03
1.082531754722654022e-03
1.032951302552656374e-03
1.087175037086864516e-03
1.082531754722474045e-03
1.082531754720431408e-03
1.082531754721460966e-03
1.082531754723111339e-03
1.082531754725810785e-03
1.082531754726165970e-03
1.082531754712556414e-03
1.081680190181585986e-03
1.082531754721873830e-03
1.091173419139881626e-03
9.960974771782570188e-04
1.082531754720115471e-03
1.082685097627500165e-03
1.082531754721117491e-03
1.083124830815742571e-03
1.082531754719375178e-03
1.082531754720747995e-03
1.082523962371114389e-03
1.085728236770628057e-03
1.082531754714740214e-03
1.082531754723553476e-03
1.082531754724790551e-03
1.082531754721631186e-03
1.082531754724282494e-03
1.082531754723414265e-03
1.082531754718232212e-03
1.082531754719821653e-03
1.082531754719308174e-03
1.082531754723264211e-03
1.082551990792750534e-03
1.082531754723128686e-03
1.082531754724853652e-03
1.082531754722148784e-03
1.082531754722111487e-03
1.082531754723989759e-03
1.082531754719939180e-03
1.082531754720644779e-03
1.082531754721959049e-03
1.076652399669217634e-03
1.082531754723023952e-03
1.082531754720435745e-03
1.046684437838255001e-03
1.085124107403817855e-03
1.082531754726459138e-03
1.082531754721549654e-03
1.082531754725410281e-03
1.082531754725401824e-03
1.082718059263844358e-03
1.110678775894335685e-03
1.079102130941383790e-03
1.131606164493959964e-03
1.076162453414513699e-03
1.074115447466142750e-03
1.082531754721612754e-03
1.082531754719971056e-03
1.082531754724550509e-03
1.082531754722402921e-03
1.082531754719356747e-03
1.082531754721250414e-03
1.082531754724621849e-03
1.082536631281402848e-03
1.082531754727630944e-03
1.038415315035285400e-03
1.078636445306842620e-03
1.079067482089722269e-03
1.082211991396854174e-03
1.078578640711704787e-03
1.082531754721749581e-03
1.082531754724238258e-03
1.072138936820027843e-03
1.076162453413768635e-03
1.265187490319183775e-03
1.050396763364216772e-03
1.082531754722260023e-03
1.082531754723252285e-03
1.082531754724358388e-03
1.082531754722491392e-03
1.082531754722503969e-03
1.000310390875991644e-03
1.082531754723010725e-03
1.082531754722906425e-03
1.085961378506811485e-03
1.085094453068346718e-03
1.082531754720618324e-03
1.082531754720736936e-03
1.075672507158979482e-03
1.083602156952431870e-03
1.082531754722912279e-03
1.082531754726651259e-03
1.080799618407679791e-03
1.082531754722357601e-03
1.082531754722271516e-03
1.073280725464659507e-03
1.080799618407198405e-03
1.052968892370339127e-03
1.081998861159228810e-03
1.083047674987413361e-03
1.082531754723636309e-03
1.082531754720932092e-03
1.082606544929012567e-03
1.063478255230695382e-03
1.082531754720186161e-03
1.082531754712989878e-03
1.082535160567664120e-03
1.082161362560882245e-03
1.078897306192680037e-03
1.082531754719668346e-03
1.091044439053257074e-03
1.006240182230317901e-03
1.083800058704096052e-03
1.172257136209096202e-03
1.082531754720759704e-03
1.082545378125382646e-03
1.110678775892171184e-03
1.082531754723035661e-03
1.082531754724119430e-03
1.082378411818275387e-03
1.081306324806324609e-03
9.673643044905875458e-04
8.738226979498899503e-04
1.082647100333242966e-03
1.175548290024169395e-03
1.082531754722818821e-03
1.082531417207767540e-03
1.081607231648331431e-03
1.082531754720440298e-03
1.082531754724936268e-03
1.082753289928477377e-03
1.077871516942966292e-03
1.010978105332950962e-03
1.082531754719868490e-03
1.082531754722651203e-03
1.082531754719201272e-03
1.082550298922233152e-03
1.142473491561873857e-03
1.082543940590273901e-03
1.014662114642026066e-03
1.082531754719562095e-03
1.082531754722480984e-03
1.082531754719715834e-03
1.082531754723103749e-03
1.082531754724004721e-03
1.082531754723421204e-03
1.092817368644011635e-03
1.084263891042385949e-03
1.082511203463909760e-03
1.082531754719794764e-03
1.047703638556784144e-03
1.204809579325765573e-03
1.023628633139896365e-03
1.082531754723515529e-03
1.082074554371457737e-03
1.084121245561553903e-03
1.076581140821435308e-03
1.082531754722510040e-03
1.082531754718359281e-03
1.086524656220383758e-03
1.165459706851128827e-03
1.082531754724417152e-03
1.065430884021777028e-03
1.081918383105559718e-03
1.082538566421007830e-03
1.082225068914326096e-03
1.082305561698419533e-03
1.082526515552758792e-03
1.100588855356872137e-03
1.075603209454317017e-03
1.080958079287756184e-03
1.084735747366520316e-03
1.082531754718284904e-03
1.082265315306168551e-03
1.081049269670784343e-03
1.053302378943566080e-03
1.081804961615621778e-03
1.081321460370162886e-03
1.080829909005525530e-03
1.076113429732847683e-03
1.082531754719104128e-03
1.082457843361159765e-03
1.082531754717273994e-03
1.082530668755772932e-03
1.082531754719440230e-03
1.081825749680946462e-03
1.080111166014658102e-03
1.082555648472642573e-03
1.082528085894948408e-03
1.082515602703559409e-03
1.082532840674143128e-03
1.082531754722412679e-03
1.082529920305246984e-03
1.081220602503932954e-03
1.082531754719387755e-03
1.082528462721264436e-03
1.082514140542242256e-03
1.082531754717439010e-03
1.082531754721955796e-03
1.082531754720970256e-03
1.082537218627607290e-03
1.083237759755982868e-03
1.082528428603044901e-03
1.082558949695100947e-03
1.082531754720488871e-03
1.075375821309501687e-03
1.081926607544706799e-03
1.082539859862671284e-03
1.082525163705903414e-03
1.083136901896153198e-03
1.082579595763017008e-03
1.081119744643045753e-03
1.081441086781735920e-03
1.028763250854282472e-03
1.082537103091043250e-03
1.082530929776428542e-03
1.082547906710886821e-03
1.056805828229799484e-03
1.082556916861959762e-03
1.082550461221003495e-03
1.080312881735005261e-03
1.082586144672860245e-03
1.082545352199240120e-03
1.082554834228645693e-03
9.956552053139798141e-04
1.082328505166203379e-03
1.082513127905583268e-03
1.082596479124881385e-03
1.082537834757193009e-03
1.082547964986686805e-03
1.082490555041808059e-03
1.082550953184077940e-03
1.082529853647322361e-03
1.076565535386953334e-03
1.082551488635476004e-03
1.082025893765022843e-03
1.041165620377389796e-03
1.083682864984690519e-03
1.007751966404343141e-03
9.519371879775466450e-04
7.709891178712532586e-04
7.393609248248192607e-04
1.053919727174531477e-03
1.109464732346246473e-03
1.056937625675518971e-03
1.043832066938777618e-03
1.125621466273716079e-03
9.167218992406967783e-04
1.039319765342008005e-03
1.186712385675079253e-03
1.079849014547286032e-03
1.195863374114969173e-03
9.584312913944229538e-04
1.108469498737398116e-03
1.064893689549680292e-03
1.051317441108412781e-03
1.043036713502243839e-03
1.089818510163720507e-03
8.922029147855500787e-04
9.572895448716589161e-04
1.017372198747259430e-03
9.957139505775978224e-04
9.836115016906474794e-04
8.461725119475771743e-04
1.005415130808433918e-03
1.025993813451741296e-03
1.054222448635810418e-03
1.026598112684109533e-03
1.133787299002967600e-03
9.760272173252632251e-04
1.097029458892142834e-03
1.043156652553813230e-03
1.112065857645529437e-03
1.006132979792136173e-03
9.875564606413860403e-04
8.961378029128983609e-04
1.128021354835317697e-03
1.120576444101400917e-03
8.908473107297740006e-04
1.047255624375126879e-03
1.025398648315176998e-03
1.003541672267530211e-03
1.016300408392113892e-03
8.591935654631756986e-04
9.097276625409668992e-04
1.014275956946234306e-03
8.869806160078301353e-04
8.513558334467743061e-04
7.440966679459995892e-04
1.079105897897897869e-03
8.864096592038606635e-04
9.755288365864743863e-04
1.017062245612798546e-03
9.004672916153966082e-04
1.028810673606920254e-03
1.028308600795742930e-03
9.659361914553674317e-04
9.955256682765208521e-04
1.245523796411401787e-03
1.004151399194596218e-03
1.130810405230770269e-03
1.048780154941213530e-03
9.865376471358603110e-04
9.789020318868143968e-04
8.884807616915333913e-04
1.026982163267278888e-03
9.075049999650659956e-04
1.217720159555847094e-03
1.078588781512494375e-03
8.867952410459736638e-04
9.753212850186338250e-04
9.729003132372836173e-04
9.501350977792802875e-04
9.359989100035600879e-04
9.396987076061593096e-04
9.252346588062352988e-04
9.524417875429907251e-04
9.334866016037873760e-04
9.318745106926235684e-04
1.003034467095307615e-03
9.514704085961903524e-04
9.295681198023619069e-04
9.471404045244034104e-04
9.706971359237420629e-04
9.709067809443472797e-04
1.002097569670480246e-03
1.025666157729022716e-03
9.220703055880562563e-04
9.996433604682560849e-04
9.150635094679529903e-04
9.150635094643757737e-04
9.150635094653517725e-04
9.150635094626555785e-04
8.778841900937263496e-04
9.150635094682304377e-04
9.150635094673392235e-04
9.150635094684207152e-04
9.150635094684252688e-04
8.777734306731212839e-04
9.689703810666825366e-04
8.797129175473917401e-04
9.689703810062629853e-04
9.157844758321151369e-04
1.013084814602732307e-03
1.043140391784715907e-03
1.071991077729201334e-03
9.317157664349971259e-04
9.789124976166201867e-04
8.976491625141734890e-04
1.021529646414651160e-03
1.002018203106142284e-03
1.032159946083224507e-03
9.063107934253077829e-04
9.769470483242815705e-04
9.233441110949592830e-04
9.339584888694897353e-04
9.881639133649049948e-04
8.737439402593052701e-04
8.466341556701065512e-04
8.947033525158658383e-04
8.984736912979663552e-04
9.563494942810768984e-04
9.663108625151080105e-04
8.694043704251071996e-04
8.646133135569096821e-04
8.394798872967015706e-04
8.263991193829555749e-04
8.041242731573825919e-04
8.222538023931630921e-04
8.347501518209562944e-04
9.189645545788404030e-04
8.436607840608921494e-04
9.454301995287623609e-04
8.837229025121727229e-04
8.727563599166983637e-04
8.231490633544137452e-04
8.157032941377238139e-04
7.778927320113439813e-04
9.285920674646573440e-04
8.052080605628556941e-04
7.606759859930633909e-04
8.435700335023782557e-04
7.090883009220553656e-04
8.438490487920826018e-04
8.303998000880190604e-04
8.385108872352581288e-04
7.401225241485157817e-04
7.755066384065310067e-04
7.755066384076973914e-04
8.449090855185025688e-04
7.702379771331890369e-04
9.178484774551316089e-04
9.435942058138473750e-04
7.262812385169584162e-04
7.830545260307896068e-04
8.958220538266743489e-04
9.175577093039201208e-04
8.084674325940664676e-04
8.291444628019040879e-04
8.479211369013005869e-04
7.851408616697354900e-04
7.337183114075609362e-04
7.105346566290457033e-04
6.953165560150683733e-04
8.389268839954469766e-04
7.963132084425862071e-04
7.651381986836492365e-04
7.130804662923769400e-04
7.019955710337778430e-04
6.872278896883413351e-04
