62 853 3
442 60 21
41 696 36
803 0 68
599 5 861
4 13 805
267 7 18
6 12 814
49 40 695
10 783 26
9 792 17
13 782 880
14 790 7
11 779 5
12 789 19
16 882 781
15 25 785
18 10 786
17 6 788
20 14 791
19 31 793
33 1 886
787 25 798
778 820 27
784 819 26
16 929 22
9 24 926
881 23 925
44 138 65
45 66 384
31 895 838
20 30 851
61 448 50
82 43 21
90 42 773
64 51 183
2 833 832
826 38 828
862 795 37
823 48 860
8 81 883
2 776 879
34 830 854
33 831 856
28 845 836
29 837 846
-1 894 56
-1 57 893
776 73 39
8 878 835
32 858 841
35 847 84
84 58 167
86 59 238
70 907 67
71 68 908
46 867 866
47 869 872
52 830 80
53 831 75
1 889 890
32 859 884
686 0 842
85 912 73
35 800 938
28 888 878
29 877 889
113 54 943
145 3 55
74 898 827
54 836 899
55 900 837
546 78 79
132 63 48
69 876 895
59 82 828
79 90 77
76 891 88
91 80 72
258 72 76
58 90 78
277 940 40
75 33 824
89 544 88
52 51 849
63 848 904
53 906 850
858 937 775
77 83 276
296 83 859
80 34 76
92 167 78
91 680 93
184 92 94
95 93 689
97 176 94
204 97 224
95 752 96
175 888 123
268 100 748
179 190 99
126 107 497
663 197 652
-1 153 111
-1 222 113
142 109 748
119 287 217
444 150 101
476 112 701
105 721 757
-1 119 168
103 211 125
108 156 177
104 67 124
139 181 128
483 125 159
472 124 937
195 140 365
313 281 120
639 106 110
523 118 924
517 219 161
153 268 151
-1 98 138
-1 113 116
-1 111 115
359 852 101
-1 803 145
114 156 348
-1 255 147
132 776 199
159 211 186
133 73 130
218 132 215
157 408 164
266 274 141
-1 168 922
593 200 174
291 123 28
114 174 377
551 169 117
277 135 840
166 105 190
-1 847 923
157 163 293
127 68 172
178 149 341
129 189 173
250 347 178
437 164 146
294 195 107
122 187 211
387 172 837
103 179 122
730 715 682
372 173 806
112 368 128
144 134 485
744 721 768
115 131 717
600 257 688
187 121 186
736 660 554
461 202 144
149 134 573
308 271 216
-1 763 142
183 52 91
136 110 430
171 487 140
221 876 263
560 169 229
-1 145 152
-1 147 155
389 137 139
-1 185 98
191 201 95
374 112 181
146 148 638
-1 100 153
185 277 835
458 177 114
188 192 194
184 35 167
201 183 93
175 266 180
131 161 726
265 161 151
243 182 280
227 778 147
-1 142 100
204 244 176
182 867 206
302 310 223
182 196 262
117 382 150
305 931 194
718 732 102
212 604 216
209 130 832
451 320 137
176 800 184
163 252 597
-1 207 843
-1 191 96
226 670 649
192 906 305
203 292 887
255 523 227
292 215 199
214 873 281
111 151 131
321 241 198
316 241 236
-1 779 210
-1 133 209
198 165 541
430 106 772
-1 848 133
474 722 121
628 245 436
-1 920 170
104 291 836
635 193 595
-1 96 766
584 478 226
225 205 761
208 808 189
363 248 688
356 171 455
232 235 513
264 263 827
279 455 230
235 444 899
295 247 424
230 294 233
300 213 290
247 239 275
305 53 930
237 764 742
268 698 265
213 652 212
571 353 271
-1 921 188
-1 839 191
417 304 220
259 252 380
234 771 237
466 272 228
282 280 262
328 254 148
264 818 274
202 401 246
324 424 320
269 273 250
129 313 208
390 288 272
812 713 160
536 79 276
246 672 520
499 307 270
275 715 327
249 194 934
-1 170 231
-1 231 251
240 418 187
-1 135 185
288 6 693
122 99 240
323 254 286
405 260 303
462 242 165
256 600 248
338 303 254
-1 251 135
237 261 330
258 88 619
180 141 81
283 335 314
438 232 558
-1 188 249
-1 210 118
-1 249 780
286 328 278
417 408 293
363 700 357
269 283 419
106 759 739
256 789 267
402 321 541
351 236 321
-1 138 222
-1 209 207
284 144 299
235 551 150
533 531 234
329 89 841
345 552 301
311 635 450
293 597 304
315 331 236
297 344 309
355 193 311
273 270 347
299 566 245
206 238 196
360 311 692
260 397 648
165 733 509
301 332 354
369 570 193
306 302 298
327 730 374
-1 118 255
278 318 365
415 385 300
333 663 213
508 447 350
314 354 382
458 377 330
200 253 377
289 290 212
523 929 781
528 269 534
557 533 253
532 919 361
335 345 354
261 312 458
283 250 341
344 296 404
275 319 424
300 336 333
404 497 309
331 342 316
340 432 565
278 431 326
331 410 343
-1 783 788
501 273 528
491 381 395
352 334 366
328 146 431
333 394 349
394 336 435
301 544 329
326 538 297
489 378 381
303 648 148
389 128 443
342 745 594
317 665 809
502 415 290
482 386 340
514 541 242
326 309 318
420 302 426
568 229 438
386 285 432
373 877 685
404 896 126
426 306 732
325 535 410
443 368 475
542 228 285
413 792 926
314 117 419
494 340 449
394 373 719
156 503 362
452 310 420
422 401 461
567 449 445
-1 155 784
367 416 358
312 554 177
647 895 791
407 428 874
139 320 319
469 668 346
500 479 425
411 246 412
339 346 409
318 497 195
462 509 574
387 29 391
315 580 410
352 582 357
-1 152 384
515 488 454
550 174 348
598 588 256
-1 384 398
433 496 397
642 787 578
342 343 367
339 427 586
-1 398 442
399 392 307
396 391 889
463 397 429
473 460 433
370 488 252
527 502 289
414 747 908
329 359 332
559 270 501
-1 448 506
459 376 925
284 553 134
434 381 617
385 361 336
418 640 380
495 380 488
428 713 364
425 720 403
351 602 315
373 435 834
621 284 245
265 411 517
286 365 487
369 355 512
484 453 475
454 370 505
453 465 443
234 330 253
379 414 555
355 360 716
395 434 467
376 516 413
399 499 468
168 217 671
335 341 573
334 357 699
400 392 470
427 409 441
343 535 416
633 220 478
485 149 572
356 279 630
-1 442 856
-1 511 448
434 697 446
396 1 439
423 348 362
233 107 907
528 371 614
459 441 516
317 641 632
406 440 32
366 659 371
298 676 706
616 557 200
504 369 456
421 526 423
388 422 481
232 229 551
452 507 561
493 486 574
327 181 319
467 446 407
400 524 518
370 163 492
540 271 383
470 399 683
-1 543 723
423 490 550
625 598 248
427 459 522
429 577 643
486 569 378
433 463 521
481 524 484
-1 116 511
484 400 529
562 476 219
421 362 519
474 503 108
576 570 504
225 436 566
379 507 743
-1 556 543
454 471 519
568 601 352
-1 115 556
471 473 421
492 157 437
457 469 540
534 419 169
388 412 401
540 346 571
465 548 595
571 339 592
461 485 530
559 610 457
560 568 366
517 412 562
392 518 620
332 101 382
-1 506 854
429 260 525
561 379 596
405 338 627
402 654 351
476 510 368
477 452 611
422 530 524
406 884 498
456 512 479
603 317 579
383 308 563
515 519 503
472 858 440
420 731 507
230 845 608
592 527 353
562 388 510
428 446 708
418 495 121
460 564 496
481 475 510
597 259 670
470 667 529
467 875 618
208 120 322
471 505 460
499 559 581
453 529 548
514 575 402
338 323 445
473 521 526
492 564 505
295 823 751
580 609 325
324 629 295
323 487 567
361 917 435
628 644 258
569 613 691
345 573 553
621 628 619
486 489 462
289 216 353
582 625 363
464 480 734
344 623 83
550 590 593
644 680 72
609 645 862
490 526 662
617 653 697
465 545 389
294 455 140
297 591 623
591 538 408
374 162 701
425 853 631
483 724 480
451 687 324
279 608 695
525 405 493
567 171 494
456 500 634
495 515 474
577 509 714
530 572 518
334 675 659
670 478 304
534 560 371
494 356 482
469 610 537
477 590 310
489 491 242
437 638 564
431 164 538
457 383 581
527 607 642
593 477 616
468 581 563
632 393 665
508 782 599
385 636 532
525 574 577
386 626 542
596 615 612
646 225 664
-1 857 850
395 618 622
671 758 904
390 658 816
609 641 603
545 595 570
552 553 621
491 622 514
545 576 137
349 674 663
490 223 590
500 631 583
202 520 299
466 684 390
579 4 656
272 693 160
482 630 626
415 661 636
589 508 666
198 624 733
-1 790 793
625 637 673
575 622 810
513 878 558
532 589 547
493 627 569
504 634 651
583 677 634
614 659 537
445 613 627
583 655 709
576 651 451
409 668 549
522 785 586
539 276 623
496 638 648
591 417 539
592 586 607
552 619 544
604 652 725
542 606 466
582 601 637
501 614 610
539 220 536
533 678 879
438 681 601
596 555 686
447 661 578
644 436 646
561 612 611
223 662 298
580 602 641
606 626 703
572 178 620
-1 737 119
411 698 672
589 636 447
575 393 654
468 669 683
536 633 546
547 666 796
633 584 705
658 898 375
307 620 347
205 672 765
-1 855 849
616 611 679
241 102 624
675 699 549
502 642 661
615 686 936
599 797 666
664 752 689
588 694 647
449 565 613
717 726 162
602 654 632
548 667 635
316 594 102
584 744 657
350 578 798
603 656 645
521 676 662
378 691 617
643 714 706
566 520 205
430 587 872
259 640 649
606 825 684
594 711 718
565 653 691
667 683 450
612 702 679
629 687 696
651 677 687
546 705 92
630 695 703
734 154 749
463 643 676
598 673 694
358 846 735
655 631 62
557 679 678
228 160 710
657 94 705
720 727 754
537 675 668
306 706 728
267 786 600
658 684 892
558 8 681
678 702 2
441 549 704
240 762 640
432 707 653
285 710 707
108 554 722
677 709 696
637 681 883
697 707 708
646 689 680
450 669 692
699 700 704
516 704 712
615 833 702
700 688 712
674 727 740
708 710 713
413 712 257
563 738 669
261 742 154
426 718 731
159 660 724
197 674 716
367 735 745
414 743 690
109 763 158
219 701 726
464 749 750
556 717 729
728 624 732
186 722 660
711 745 690
692 738 725
724 736 734
312 154 736
512 716 740
360 725 197
308 604 738
543 729 682
719 685 754
162 730 729
639 756 759
714 733 728
287 767 770
731 711 743
-1 766 763
239 760 715
479 740 720
664 761 158
349 719 727
751 860 770
403 754 900
99 105 762
682 760 723
-1 723 753
531 746 771
657 768 97
750 755 756
690 735 747
760 769 753
-1 753 737
765 109 761
587 772 912
737 769 287
742 755 749
226 757 744
698 748 765
166 741 721
239 767 769
649 762 757
741 224 768
764 771 739
158 766 752
755 764 759
739 746 772
247 751 767
217 770 758
34 884 891
833 936 822
896 87 916
130 48 41
-1 829 803
189 23 806
214 807 13
282 844 804
322 15 808
579 809 11
337 811 9
372 24 811
618 16 810
693 17 812
393 810 22
337 18 813
288 816 14
605 815 12
375 19 816
364 812 10
605 20 817
796 797 932
38 796 933
645 794 795
656 861 794
665 22 799
821 798 928
201 839 64
-1 914 839
-1 851 915
127 777 3
-1 780 805
804 5 807
155 778 819
-1 805 779
227 781 820
350 821 782
607 785 787
-1 784 783
257 786 792
-1 788 814
813 7 815
-1 814 790
588 791 789
-1 793 851
251 935 840
806 881 24
808 882 23
809 799 880
887 774 927
531 879 39
82 886 826
673 883 911
824 918 37
231 69 935
75 37 930
777 897 842
58 855 42
59 857 43
199 36 887
709 774 36
416 885 890
180 49 888
222 44 70
152 71 45
939 30 876
244 801 800
141 818 941
296 50 896
62 829 942
203 927 897
780 934 861
513 899 44
685 45 900
143 902 51
218 905 85
650 84 902
585 86 903
817 31 802
126 916 907
555 908 0
498 42 909
650 909 830
439 43 910
585 910 831
511 87 50
89 891 61
746 39 912
4 844 797
547 38 919
-1 864 920
-1 915 863
-1 866 921
-1 56 865
192 921 56
-1 922 869
-1 868 57
-1 871 914
-1 923 870
671 57 922
210 880 924
376 926 881
522 925 882
170 838 74
358 890 66
608 65 49
629 41 823
11 821 873
27 874 819
15 875 820
703 40 825
506 61 773
834 917 886
21 885 824
207 832 822
98 835 65
398 66 60
834 60 877
77 773 859
694 911 901
47 904 905
46 903 906
375 74 30
359 841 775
-1 843 829
647 913 69
233 70 845
747 846 71
913 892 941
-1 849 847
-1 850 894
587 85 893
-1 893 848
206 894 86
444 852 54
403 55 853
-1 854 855
-1 856 857
825 940 892
758 860 63
901 935 898
801 870 938
802 939 864
852 775 943
535 918 885
917 919 826
325 862 918
221 863 939
243 865 867
136 872 868
143 938 871
120 873 928
407 27 875
364 26 874
843 822 942
924 799 929
322 928 25
238 828 933
196 933 932
931 794 934
930 795 931
262 932 844
818 827 913
655 942 774
116 943 87
64 914 923
838 920 915
81 941 911
840 901 940
842 927 936
67 916 937
