4.396551724147792356e-02
4.396551724129226651e-02
7.121272023056424150e-02
4.631247605118912758e-02
6.633889827781724868e-02
3.398543367675010973e-02
3.399024925186928947e-02
3.177426163567522582e-02
3.322500509075184544e-02
3.875000000000000666e-02
3.875000000000000666e-02
3.875000000000000666e-02
3.875000000000000666e-02
3.875000000000000666e-02
3.875000000000000666e-02
3.875000000000000666e-02
3.875000000000000666e-02
6.534649990930502250e-02
2.980092181002085006e-02
6.314951310460208134e-02
2.895275370382111024e-02
2.814889504838146220e-02
5.617816091980575022e-02
5.617816091920067867e-02
4.034454022981932841e-02
4.572442528748434792e-02
2.395217890657093049e-02
2.206536976714197629e-02
5.441925287331417921e-02
2.169167142811418911e-02
1.969320642834192572e-02
2.015103138736432792e-02
2.193333957932460179e-02
3.874999999999999972e-02
3.874999999999999972e-02
3.875000000000000666e-02
3.875000000000000666e-02
3.874999999999999972e-02
3.874999999999999972e-02
3.875000000000000666e-02
3.875000000000000666e-02
