262 119 265
280 146 282
144 279 283
154 274 276
167 138 170
278 150 283
145 276 295
138 167 169
227 262 265
168 339 348
279 144 281
289 268 300
274 154 275
290 159 291
146 280 281
137 288 291
151 273 275
231 135 233
339 148 348
300 268 369
288 137 367
273 151 370
159 290 292
127 230 301
130 232 309
170 153 247
222 115 319
115 222 321
222 133 315
133 222 319
229 125 260
118 323 332
323 254 332
230 232 301
279 278 283
276 274 295
133 322 336
225 115 321
126 227 265
233 135 237
115 225 358
315 133 336
232 233 309
233 237 317
290 143 292
227 126 311
118 228 323
335 123 343
311 126 329
292 143 331
228 118 355
236 335 343
234 311 329
167 170 247
125 229 261
332 254 341
254 253 341
232 130 301
276 145 313
153 170 378
303 218 338
131 226 346
226 131 356
218 303 337
283 150 376
237 147 317
309 233 317
330 255 340
243 157 327
243 327 364
141 300 369
272 273 370
289 288 367
152 82 163
163 164 166
344 18 349
29 30 237
152 163 166
259 120 347
93 94 261
120 259 357
260 125 377
116 330 340
280 282 284
257 344 349
34 35 239
123 234 329
135 231 373
234 123 335
325 235 334
170 138 239
282 146 285
144 283 286
154 276 277
147 168 317
122 303 338
261 229 302
121 261 302
30 147 237
135 29 237
121 93 261
94 125 261
72 73 277
42 43 286
46 47 285
170 240 378
82 5 163
13 1 316
235 121 302
80 81 247
128 325 334
35 140 239
138 34 239
303 132 337
170 239 240
324 139 364
138 169 366
148 169 348
121 235 325
139 363 364
168 147 339
150 72 277
73 154 277
146 46 285
145 42 286
43 144 286
47 159 285
1 114 316
153 80 247
81 152 247
164 168 348
114 250 312
245 238 310
169 166 348
119 262 361
152 166 167
282 285 292
285 159 292
219 245 310
2 32 148
2 148 339
253 120 341
117 11 171
162 9 238
12 13 129
149 242 269
12 129 171
162 238 245
167 166 169
117 171 306
179 180 246
312 173 316
240 241 359
242 243 269
178 175 251
54 55 157
164 134 165
8 9 162
171 129 172
206 207 213
228 191 246
149 53 242
10 117 238
172 129 173
191 179 246
54 157 242
244 176 305
104 105 133
174 173 175
239 140 240
176 244 306
165 134 264
177 175 178
213 207 216
214 244 305
204 205 206
225 191 228
120 253 347
9 10 238
179 178 180
214 213 218
10 11 117
206 213 214
180 178 181
246 180 263
11 12 171
206 205 207
242 157 243
305 176 308
152 167 247
180 181 183
250 114 328
206 214 305
184 197 248
267 149 269
181 178 251
177 178 179
248 197 249
183 181 184
183 184 185
174 175 177
184 181 197
185 184 186
185 187 252
240 140 241
196 185 252
267 269 270
185 186 187
208 188 255
53 54 242
186 184 248
252 187 258
172 173 174
196 252 253
249 197 250
183 185 196
187 186 188
186 248 255
188 186 255
172 174 176
258 202 259
189 202 258
187 188 189
187 189 258
196 253 254
190 208 256
256 208 257
189 188 190
189 190 192
190 188 208
192 190 193
194 229 260
192 193 194
192 194 260
193 190 256
227 195 262
189 192 202
194 193 195
195 193 262
193 256 262
194 195 198
202 192 260
172 176 306
198 195 199
194 198 229
198 199 200
83 84 264
200 199 201
199 195 227
200 201 209
84 130 264
134 83 264
200 209 235
209 201 210
209 210 211
210 201 234
211 210 212
211 212 215
215 212 217
215 217 220
217 212 236
220 217 221
220 221 223
223 221 224
223 224 230
230 224 231
224 221 226
230 231 232
232 231 233
23 24 123
94 95 125
25 26 131
30 31 147
92 93 121
28 29 135
97 98 120
16 17 116
100 6 118
84 85 130
90 91 128
273 142 274
271 142 273
40 41 295
52 149 266
266 149 267
65 66 287
287 143 290
39 142 271
158 65 287
41 145 295
142 40 295
64 158 300
38 39 271
266 268 293
70 71 278
156 70 278
158 287 288
156 278 279
273 274 275
288 287 290
280 279 281
274 142 295
158 289 300
136 38 271
77 78 155
78 79 294
79 153 294
43 44 144
155 78 294
71 150 278
66 143 287
288 290 291
272 271 273
33 34 138
35 36 140
60 61 139
62 63 141
266 267 268
75 76 151
39 40 142
66 67 143
51 52 266
52 53 149
79 80 153
81 82 152
296 155 297
47 48 159
41 42 145
45 46 146
69 70 156
71 72 150
73 74 154
64 65 158
37 38 136
49 50 137
136 271 272
156 279 280
158 288 289
76 77 296
77 155 296
151 76 296
51 266 293
50 51 293
137 50 293
63 64 300
5 83 134
141 63 300
87 88 298
20 21 265
88 89 124
85 86 301
1 14 114
19 20 119
102 103 115
89 90 299
86 87 127
90 128 299
130 85 301
86 127 301
88 124 298
127 87 298
124 89 299
119 20 265
21 22 126
21 126 265
196 254 263
180 183 263
229 198 302
197 181 251
200 235 302
164 165 168
198 200 302
183 196 263
204 206 305
204 203 205
250 197 251
214 218 219
95 96 304
204 305 308
238 117 310
176 174 308
182 179 191
182 203 204
171 172 306
125 95 304
214 219 244
207 205 222
175 173 312
240 359 378
109 110 122
110 111 303
177 179 182
203 191 225
111 112 132
306 244 310
108 109 307
114 312 316
182 204 308
174 177 308
182 191 203
107 108 160
177 182 308
117 306 310
57 58 161
264 130 309
165 264 309
199 227 311
234 201 311
122 110 303
272 297 360
111 132 303
109 122 307
166 164 348
129 13 316
250 251 312
160 108 307
163 134 164
244 219 310
5 134 163
201 199 311
251 175 312
27 28 314
104 133 319
249 250 328
168 165 317
145 286 313
230 127 374
115 103 319
241 140 318
228 246 323
140 36 318
37 136 318
207 222 315
105 106 322
139 270 363
284 68 379
59 60 324
320 228 355
92 121 325
128 91 325
270 139 365
141 270 365
270 141 369
222 205 321
284 282 331
281 144 368
291 159 371
275 154 372
151 275 372
268 289 367
137 291 371
297 272 370
146 281 368
263 254 323
203 225 321
112 113 326
56 57 327
114 14 328
23 123 329
126 22 329
286 283 313
327 161 364
336 307 375
28 135 314
216 207 315
249 328 333
313 283 376
173 129 316
131 236 343
162 245 380
208 255 330
282 292 331
125 304 377
225 228 320
36 37 318
103 104 319
165 309 317
100 118 332
16 116 333
235 209 334
236 131 346
210 234 335
236 212 335
205 203 321
322 160 336
133 105 322
246 263 323
213 216 338
91 92 325
60 139 324
326 162 380
136 272 360
132 112 326
0 8 350
113 0 350
55 3 351
241 297 359
3 56 351
57 161 327
27 314 356
255 248 340
147 31 339
169 148 366
216 336 375
120 98 341
160 307 336
14 15 328
25 131 343
123 24 343
280 284 379
22 23 329
211 215 342
225 320 358
245 219 337
116 17 344
253 252 347
217 236 346
226 221 346
258 259 347
270 269 363
215 220 345
314 226 356
18 19 349
333 116 340
101 102 358
68 69 379
156 280 379
304 96 357
33 138 366
131 26 356
259 202 377
97 120 357
259 304 357
297 155 359
62 141 365
139 61 365
224 226 373
154 74 372
144 44 368
293 268 367
159 48 371
49 137 371
75 151 372
45 146 368
296 297 370
143 67 362
267 270 369
304 259 377
277 276 376
328 15 333
106 7 352
148 32 366
4 59 353
257 208 330
7 107 352
58 4 353
68 284 362
345 220 354
226 314 373
276 313 376
99 100 332
320 101 358
314 135 373
15 16 333
342 215 345
209 211 334
212 210 335
330 116 344
220 223 354
6 101 355
297 241 360
331 143 362
99 332 341
299 128 342
354 223 374
216 315 336
219 218 337
218 213 338
249 333 340
31 2 339
248 249 340
98 99 341
24 25 343
223 230 374
101 320 355
262 256 361
322 106 352
59 324 353
241 318 360
17 18 344
124 299 345
221 217 346
256 257 361
252 258 347
128 334 342
257 330 344
124 345 354
19 119 349
157 55 351
299 342 345
8 162 350
338 216 375
326 113 350
56 327 351
298 124 354
160 322 352
26 27 356
324 161 353
118 6 355
96 97 357
102 115 358
107 160 352
334 211 342
161 58 353
155 294 359
298 354 374
269 243 363
318 136 360
359 294 378
67 68 362
32 33 366
61 62 365
268 267 369
44 45 368
48 49 371
74 75 372
151 296 370
137 293 367
231 224 373
150 277 376
127 298 374
202 260 377
294 153 378
69 156 379
307 122 375
245 337 380
284 331 362
162 326 350
327 157 351
161 324 364
363 243 364
132 326 380
257 349 361
337 132 380
122 338 375
349 119 361
