119 262 0 134
265 119 0 362
262 265 0 8
146 280 1 14
282 146 1 91
280 282 1 83
279 144 2 10
283 279 2 34
144 283 2 92
274 154 3 12
276 274 3 35
154 276 3 93
138 167 4 7
170 138 4 90
167 170 4 53
150 278 5 309
283 150 5 64
278 283 5 34
276 145 6 58
295 276 6 35
145 295 6 289
169 167 7 148
138 169 7 116
262 227 8 235
227 265 8 38
339 168 9 120
348 339 9 18
168 348 9 130
281 144 10 445
279 281 10 300
268 289 11 449
300 268 11 19
289 300 11 302
275 154 12 447
274 275 12 298
159 290 13 22
291 159 13 446
290 291 13 311
281 280 14 300
146 281 14 452
288 137 15 20
291 288 15 311
137 291 15 450
273 151 16 21
275 273 16 298
151 275 16 448
135 231 17 87
233 135 17 39
231 233 17 268
148 339 18 140
348 148 18 117
369 268 19 622
300 369 19 70
367 137 20 627
288 367 20 72
370 151 21 626
273 370 21 71
292 290 22 44
159 292 22 137
230 127 23 426
301 230 23 33
127 301 23 358
232 130 24 57
309 232 24 42
130 309 24 404
153 170 25 59
247 153 25 128
170 247 25 53
115 222 26 27
319 115 26 427
222 319 26 29
321 222 27 443
115 321 27 37
133 222 28 29
315 133 28 41
222 315 28 432
133 319 29 422
125 229 30 54
260 125 30 81
229 260 30 231
323 118 31 46
332 323 31 32
118 332 31 477
254 323 32 453
332 254 32 55
232 230 33 267
301 232 33 57
278 279 34 297
295 274 35 301
322 133 36 485
336 322 36 484
133 336 36 41
115 225 37 40
225 321 37 454
227 126 38 45
126 265 38 364
237 135 39 99
233 237 39 43
358 225 40 512
115 358 40 610
315 336 41 575
233 232 42 268
309 233 42 66
317 237 43 65
233 317 43 66
143 290 44 286
292 143 44 49
311 126 45 48
227 311 45 406
228 118 46 50
323 228 46 429
123 335 47 88
343 123 47 508
335 343 47 51
329 126 48 459
311 329 48 52
331 143 49 571
292 331 49 471
355 118 50 608
228 355 50 437
335 236 51 482
236 343 51 468
311 234 52 407
234 329 52 86
167 247 53 189
261 229 54 96
125 261 54 101
341 254 55 56
332 341 55 572
253 254 56 224
341 253 56 141
301 130 57 357
313 145 58 425
276 313 58 559
378 170 59 105
153 378 59 632
218 303 60 63
338 218 60 577
303 338 60 95
226 131 61 62
346 226 61 517
131 346 61 480
356 131 62 529
226 356 62 521
337 303 63 113
218 337 63 576
376 150 64 629
283 376 64 466
147 237 65 98
317 147 65 94
309 317 66 476
255 330 67 470
340 255 67 500
330 340 67 82
157 243 68 187
327 157 68 638
243 327 68 69
364 327 69 461
243 364 69 640
300 141 70 346
141 369 70 442
273 272 71 312
272 370 71 451
288 289 72 337
289 367 72 449
82 152 73 324
163 82 73 106
152 163 73 77
164 163 74 416
166 164 74 412
163 166 74 77
18 344 75 589
349 18 75 522
344 349 75 84
30 29 76 -1
237 30 76 98
29 237 76 99
152 166 77 135
120 259 78 80
347 120 78 177
259 347 78 518
94 93 79 -1
261 94 79 101
93 261 79 100
357 259 80 532
120 357 80 531
377 125 81 472
260 377 81 631
330 116 82 567
116 340 82 523
284 282 83 444
280 284 83 509
344 257 84 595
257 349 84 642
35 34 85 -1
239 35 85 111
34 239 85 112
234 123 86 88
123 329 86 458
373 231 87 628
135 373 87 562
234 335 88 481
235 325 89 118
334 235 89 479
325 334 89 110
239 138 90 112
170 239 90 114
285 146 91 123
282 285 91 136
286 283 92 460
144 286 92 125
277 276 93 548
154 277 93 122
168 147 94 120
317 168 94 424
303 122 95 408
122 338 95 644
302 229 96 367
261 302 96 97
261 121 97 100
121 302 97 108
147 30 98 272
29 135 99 274
93 121 100 273
125 94 101 270
73 72 102 -1
277 73 102 122
72 277 102 121
43 42 103 -1
286 43 103 125
42 286 103 124
47 46 104 -1
285 47 104 126
46 285 104 123
240 170 105 114
378 240 105 388
5 82 106 -1
163 5 106 418
1 13 107 -1
316 1 107 127
13 316 107 413
121 235 108 118
235 302 108 369
81 80 109 -1
247 81 109 129
80 247 109 128
325 128 110 439
128 334 110 594
140 35 111 314
239 140 111 169
34 138 112 313
132 303 113 410
337 132 113 643
240 239 114 169
139 324 115 489
364 139 115 119
324 364 115 639
366 169 116 502
138 366 116 528
169 148 117 502
348 169 117 133
121 325 118 438
363 139 119 434
364 363 119 640
339 147 120 501
72 150 121 330
150 277 121 629
154 73 122 331
46 146 123 328
42 145 124 327
145 286 124 425
144 43 125 307
159 47 126 326
285 159 126 137
114 1 127 351
316 114 127 396
80 153 128 323
152 81 129 324
247 152 129 189
168 164 130 370
164 348 130 412
250 114 131 191
312 250 131 414
114 312 131 396
238 245 132 147
310 238 132 379
245 310 132 138
166 169 133 148
348 166 133 412
361 262 134 585
119 361 134 645
167 166 135 148
152 167 135 189
292 285 136 137
282 292 136 471
245 219 138 513
219 310 138 417
32 2 139 -1
148 32 139 551
2 148 139 140
2 339 140 579
120 253 141 177
341 120 141 504
11 117 142 181
171 11 142 185
117 171 142 149
9 162 143 157
238 9 143 178
162 238 143 147
13 12 144 -1
129 13 144 413
12 129 144 146
242 149 145 161
269 242 145 153
149 269 145 194
171 129 146 158
12 171 146 185
162 245 147 469
306 171 149 383
117 306 149 402
180 179 150 179
246 180 150 184
179 246 150 164
173 312 151 387
316 173 151 467
312 316 151 396
241 240 152 204
359 241 152 496
240 359 152 388
243 242 153 187
269 243 153 616
175 178 154 172
251 175 154 420
178 251 154 195
55 54 155 -1
157 55 155 598
54 157 155 165
134 164 156 416
165 134 156 171
164 165 156 370
9 8 157 -1
8 162 157 600
172 129 158 163
171 172 158 383
207 206 159 186
213 207 159 173
206 213 159 182
191 228 160 176
246 191 160 164
228 246 160 429
53 149 161 322
242 53 161 209
117 10 162 181
238 117 162 379
10 238 162 178
173 129 163 467
172 173 163 212
179 191 164 381
242 157 165 187
54 242 165 209
176 244 166 170
305 176 166 188
244 305 166 174
105 104 167 -1
133 105 167 485
104 133 167 422
173 174 168 212
175 173 168 387
174 175 168 200
240 140 169 204
306 244 170 394
176 306 170 242
264 134 171 251
165 264 171 405
175 177 172 200
177 178 172 196
216 207 173 464
213 216 173 487
244 214 174 385
214 305 174 192
205 204 175 374
206 205 175 186
204 206 175 373
191 225 176 392
225 228 176 473
347 253 177 515
10 9 178 -1
178 179 179 196
180 178 179 183
213 214 180 182
218 213 180 577
214 218 180 376
11 10 181 -1
206 214 182 192
181 178 183 195
180 181 183 190
263 180 184 366
246 263 184 486
12 11 185 -1
207 205 186 386
308 176 188 380
305 308 188 378
183 181 190 198
180 183 190 366
328 114 191 457
250 328 191 423
206 305 192 373
197 184 193 201
248 197 193 197
184 248 193 210
149 267 194 284
267 269 194 206
181 251 195 368
177 179 196 391
249 197 197 214
248 249 197 580
184 181 198 201
183 184 198 199
185 184 199 202
183 185 199 215
174 177 200 398
197 181 201 368
186 184 202 210
185 186 202 207
187 185 203 207
252 187 203 211
185 252 203 205
241 140 204 428
185 196 205 215
196 252 205 213
270 269 206 519
267 270 206 546
187 186 207 216
188 208 208 229
255 188 208 218
208 255 208 470
54 53 209 -1
186 248 210 217
258 187 211 223
252 258 211 593
172 174 212 219
253 252 213 515
196 253 213 224
250 197 214 375
249 250 214 423
183 196 215 372
188 186 216 218
187 188 216 222
255 248 217 500
186 255 217 218
176 174 219 380
172 176 219 242
202 258 220 221
259 202 220 530
258 259 220 518
202 189 221 236
189 258 221 223
189 188 222 227
187 189 222 223
196 254 224 365
208 190 225 229
256 208 225 226
190 256 225 234
257 208 226 553
256 257 226 592
190 188 227 229
189 190 227 228
192 190 228 230
189 192 228 236
193 190 230 234
192 193 230 232
229 194 231 244
194 260 231 233
194 193 232 237
192 194 232 233
192 260 233 241
193 256 234 239
195 227 235 248
262 195 235 238
202 192 236 241
195 193 237 238
194 195 237 240
262 193 238 239
262 256 239 585
198 195 240 243
194 198 240 244
202 260 241 631
172 306 242 383
199 195 243 248
198 199 243 245
229 198 244 367
200 199 245 247
198 200 245 371
84 83 246 -1
264 84 246 250
83 264 246 251
201 199 247 419
200 201 247 249
199 227 248 406
209 201 249 253
200 209 249 252
130 84 250 278
264 130 250 404
83 134 251 345
235 209 252 479
200 235 252 369
210 201 253 255
209 210 253 254
211 210 254 256
209 211 254 565
234 201 255 407
210 234 255 481
212 210 256 566
211 212 256 257
215 212 257 258
211 215 257 511
217 212 258 260
215 217 258 259
220 217 259 261
215 220 259 520
236 212 260 482
217 236 260 516
221 217 261 591
220 221 261 262
223 221 262 263
220 223 262 568
224 221 263 266
223 224 263 264
230 224 264 265
223 230 264 583
231 224 265 628
230 231 265 267
226 221 266 517
224 226 266 536
232 231 267 268
24 23 269 -1
123 24 269 508
23 123 269 458
95 94 270 -1
125 95 270 384
26 25 271 -1
131 26 271 529
25 131 271 507
31 30 272 -1
147 31 272 501
93 92 273 -1
92 121 273 438
29 28 274 -1
28 135 274 463
98 97 275 -1
120 98 275 504
97 120 275 531
17 16 276 -1
116 17 276 514
16 116 276 478
6 100 277 -1
118 6 277 608
100 118 277 477
85 84 278 -1
130 85 278 357
91 90 279 -1
128 91 279 439
90 128 279 356
142 273 280 281
274 142 280 301
273 274 280 298
142 271 281 287
271 273 281 312
41 40 282 -1
295 41 282 289
40 295 282 290
149 52 283 322
266 149 283 284
52 266 283 321
266 267 284 317
66 65 285 -1
287 66 285 310
65 287 285 288
143 287 286 310
287 290 286 299
142 39 287 319
39 271 287 292
65 158 288 332
158 287 288 296
145 41 289 327
40 142 290 319
142 295 290 301
158 64 291 332
300 158 291 302
64 300 291 344
39 38 292 -1
38 271 292 303
268 266 293 317
293 268 293 539
266 293 293 341
71 70 294 -1
278 71 294 309
70 278 294 295
70 156 295 329
156 278 295 297
288 287 296 299
158 288 296 337
156 279 297 336
288 290 299 311
279 280 300 336
289 158 302 337
38 136 303 333
136 271 303 335
78 77 304 -1
155 78 304 308
77 155 304 339
79 78 305 -1
294 79 305 306
78 294 305 308
153 79 306 323
294 153 306 632
44 43 307 -1
144 44 307 538
155 294 308 614
150 71 309 330
143 66 310 320
271 272 312 335
34 33 313 -1
33 138 313 528
36 35 314 -1
140 36 314 430
61 60 315 -1
139 61 315 535
60 139 315 489
63 62 316 -1
141 63 316 346
62 141 316 534
268 267 317 622
76 75 318 -1
151 76 318 340
75 151 318 542
40 39 319 -1
67 66 320 -1
143 67 320 545
52 51 321 -1
51 266 321 341
53 52 322 -1
80 79 323 -1
82 81 324 -1
155 296 325 339
297 155 325 533
296 297 325 544
48 47 326 -1
159 48 326 540
42 41 327 -1
46 45 328 -1
45 146 328 543
70 69 329 -1
69 156 329 633
72 71 330 -1
74 73 331 -1
154 74 331 537
65 64 332 -1
38 37 333 -1
37 136 333 431
50 49 334 -1
137 50 334 343
49 137 334 541
136 272 335 491
156 280 336 526
77 76 338 -1
296 77 338 339
76 296 338 340
151 296 340 626
51 293 341 342
51 50 342 -1
50 293 342 343
137 293 343 627
64 63 344 -1
63 300 344 346
83 5 345 -1
5 134 345 418
88 87 347 -1
298 88 347 359
87 298 347 360
21 20 348 -1
265 21 348 364
20 265 348 362
89 88 349 -1
124 89 349 361
88 124 349 359
86 85 350 -1
301 86 350 358
85 301 350 357
14 1 351 -1
114 14 351 457
20 19 352 -1
119 20 352 362
19 119 352 597
103 102 353 -1
115 103 353 427
102 115 353 610
90 89 354 -1
299 90 354 356
89 299 354 361
87 86 355 -1
127 87 355 360
86 127 355 358
299 128 356 573
298 124 359 604
127 298 360 630
124 299 361 590
22 21 363 -1
126 22 363 459
21 126 363 364
263 254 365 453
196 263 365 372
263 183 366 372
302 198 367 371
197 251 368 375
200 302 369 371
168 165 370 424
204 305 373 378
203 204 374 382
205 203 374 483
250 251 375 414
219 218 376 576
214 219 376 385
96 95 377 -1
304 96 377 527
95 304 377 384
204 308 378 397
310 117 379 402
308 174 380 398
179 182 381 391
182 191 381 399
203 182 382 399
182 204 382 397
125 304 384 472
244 219 385 417
222 205 386 443
207 222 386 432
175 312 387 420
378 359 388 618
110 109 389 -2
122 110 389 408
109 122 389 411
111 110 390 -2
303 111 390 410
110 303 390 408
177 182 391 401
191 203 392 399
203 225 392 454
112 111 393 -2
132 112 393 492
111 132 393 410
310 244 394 417
306 310 394 402
109 108 395 -2
307 109 395 411
108 307 395 415
182 308 397 401
308 177 398 401
108 107 400 -2
160 108 400 415
107 160 400 611
58 57 403 -3
161 58 403 613
57 161 403 498
264 309 404 405
165 309 405 476
199 311 406 419
311 201 407 419
297 272 409 451
360 297 409 570
272 360 409 491
307 122 411 634
129 316 413 467
312 251 414 420
160 307 415 505
134 163 416 418
28 27 421 -1
314 28 421 463
27 314 421 499
104 319 422 475
249 328 423 465
317 165 424 476
313 286 425 460
374 127 426 630
230 374 426 583
319 103 427 475
318 140 428 430
241 318 428 588
323 246 429 486
318 36 430 474
318 136 431 617
37 318 431 474
207 315 432 464
106 105 433 -1
322 106 433 586
105 322 433 485
270 139 434 440
363 270 434 519
68 284 435 556
379 68 435 525
284 379 435 509
60 59 436 -1
324 60 436 489
59 324 436 587
228 320 437 473
320 355 437 584
92 325 438 488
325 91 439 488
365 139 440 535
270 365 440 441
270 141 441 442
141 365 441 534
270 369 442 546
321 205 443 483
331 282 444 471
284 331 444 636
368 144 445 538
281 368 445 452
371 159 446 540
291 371 446 450
372 154 447 537
275 372 447 448
151 372 448 542
268 367 449 539
137 371 450 541
297 370 451 544
146 368 452 543
263 323 453 486
203 321 454 483
113 112 455 -2
326 113 455 602
112 326 455 492
57 56 456 -3
327 57 456 498
56 327 456 603
328 14 457 506
23 329 458 510
329 22 459 510
313 283 460 466
161 327 461 498
364 161 461 639
307 336 462 505
375 307 462 634
336 375 462 503
314 135 463 562
216 315 464 575
333 328 465 549
249 333 465 578
313 376 466 559
236 131 468 480
131 343 468 507
380 245 469 635
162 380 469 490
208 330 470 553
377 304 472 547
225 320 473 512
37 36 474 -1
104 103 475 -1
100 332 477 560
333 116 478 523
16 333 478 563
334 209 479 565
236 346 480 516
210 335 481 566
335 212 482 566
160 322 484 605
336 160 484 505
338 216 487 601
213 338 487 577
92 91 488 -1
162 326 490 637
326 380 490 641
136 360 491 617
132 326 492 641
8 0 493 -1
350 8 493 600
0 350 493 494
0 113 494 -2
113 350 494 602
3 55 495 -1
351 3 495 497
55 351 495 598
297 241 496 570
359 297 496 533
56 3 497 -3
351 56 497 603
356 314 499 521
27 356 499 606
340 248 500 580
339 31 501 579
366 148 502 551
336 216 503 575
216 375 503 601
341 98 504 581
15 14 506 -1
328 15 506 549
25 343 507 582
343 24 508 582
280 379 509 526
23 22 510 -1
342 215 511 564
211 342 511 612
358 320 512 561
337 219 513 576
245 337 513 635
344 17 514 589
116 344 514 567
347 252 515 593
217 346 516 591
346 221 517 591
258 347 518 593
363 269 519 616
345 220 520 557
215 345 520 564
226 314 521 558
19 18 522 -1
349 19 522 597
333 340 523 578
102 101 524 -1
358 102 524 610
101 358 524 561
69 68 525 -1
379 69 525 633
156 379 526 633
357 96 527 609
304 357 527 532
33 366 528 620
356 26 529 606
377 202 530 631
259 377 530 547
97 357 531 609
304 259 532 547
359 155 533 614
62 365 534 621
365 61 535 621
373 226 536 558
224 373 536 628
372 74 537 625
368 44 538 623
293 367 539 627
371 48 540 624
49 371 541 624
75 372 542 625
45 368 543 623
296 370 544 626
362 67 545 619
143 362 545 571
267 369 546 622
376 276 548 559
277 376 548 629
333 15 549 563
7 106 550 -1
352 7 550 554
106 352 550 586
366 32 551 620
59 4 552 -1
353 59 552 587
4 353 552 555
257 330 553 595
107 7 554 -2
352 107 554 611
4 58 555 -3
58 353 555 613
362 284 556 636
68 362 556 619
354 220 557 568
345 354 557 596
373 314 558 562
100 99 560 -1
99 332 560 572
101 320 561 584
16 15 563 -1
342 345 564 599
334 211 565 612
330 344 567 595
354 223 568 574
101 6 569 -1
355 101 569 584
6 355 569 608
360 241 570 588
331 362 571 636
99 341 572 581
342 128 573 594
299 342 573 599
374 223 574 583
354 374 574 615
249 340 578 580
2 31 579 -1
99 98 581 -1
25 24 582 -1
361 256 585 592
322 352 586 605
353 324 587 607
360 318 588 617
18 17 589 -1
345 299 590 599
124 345 590 596
361 257 592 642
342 334 594 612
124 354 596 604
349 119 597 645
157 351 598 638
350 162 600 637
338 375 601 644
326 350 602 637
351 327 603 638
298 354 604 615
160 352 605 611
27 26 606 -1
161 324 607 639
353 161 607 613
97 96 609 -1
359 294 614 618
298 374 615 630
363 243 616 640
378 294 618 632
68 67 619 -1
33 32 620 -1
62 61 621 -1
45 44 623 -1
49 48 624 -1
75 74 625 -1
375 122 634 644
380 337 635 643
132 380 641 643
361 349 642 645
