$MeshFormat
4.1 0 8
$EndMeshFormat
$PhysicalNames
4
1 1 "wall"
1 2 "inlet"
1 3 "outlet"
2 4 "Domain"
$EndPhysicalNames
$Entities
8 8 1 0
1 0 0 0 0 
2 0.55 0 0 0 
3 2 0.15 0 0 
4 4 0.15 0 0 
5 4 0.46 0 0 
6 2 0.46 0 0 
7 0.55 0.61 0 0 
8 0 0.61 0 0 
1 0 0 0 0.55 0 0 1 1 2 1 -2 
2 0.55 0 0 2 0.15 0 1 1 2 2 -3 
3 2 0.15 0 4 0.15 0 1 1 2 3 -4 
4 4 0.15 0 4 0.4600000000000001 0 1 3 2 4 -5 
5 2 0.46 0 4 0.46 0 1 1 2 5 -6 
6 0.55 0.46 0 2 0.61 0 1 1 2 6 -7 
7 0 0.61 0 0.55 0.61 0 1 1 2 7 -8 
8 0 0 0 0 0.61 0 1 2 2 8 -1 
1 0 0 0 4 0.61 0 1 4 8 1 2 3 4 5 6 7 8 
$EndEntities
$Nodes
17 32 1 32
0 1 0 1
1
0 0 0
0 2 0 1
2
0.55 0 0
0 3 0 1
3
2 0.15 0
0 4 0 1
4
4 0.15 0
0 5 0 1
5
4 0.46 0
0 6 0 1
6
2 0.46 0
0 7 0 1
7
0.55 0.61 0
0 8 0 1
8
0 0.61 0
1 1 0 1
9
0.2749999999992638 0 0
1 2 0 2
10
11
1.033333333332148 0.04999999999987737 0
1.516666666665466 0.09999999999987583 0
1 3 0 3
12
13
14
2.5 0.15 0
3 0.15 0
3.5 0.15 0
1 4 0 0
1 5 0 3
15
16
17
3.5 0.46 0
3 0.46 0
2.5 0.46 0
1 6 0 2
18
19
1.516666666667507 0.5099999999999131 0
1.03333333333434 0.5599999999998959 0
1 7 0 1
20
0.2750000000007158 0.61 0
1 8 0 1
21
0 0.3050000000008132 0
2 1 0 11
22
23
24
25
26
27
28
29
30
31
32
0.4007331789351876 0.2310855391679284 0
0.7473009631649736 0.3150837695580548 0
2.25 0.305 0
3.75 0.305 0
2.75 0.305 0
3.25 0.305 0
1.739712643678585 0.305 0
0.1954158807209272 0.2047192367160496 0
1.251206896552783 0.3050000000012156 0
0.4360642553926293 0.4358023352244853 0
0.2178688858415766 0.3994345185182127 0
$EndNodes
$Elements
9 62 9 70
1 1 1 2
9 1 9 
10 9 2 
1 2 1 3
11 2 10 
12 10 11 
13 11 3 
1 3 1 4
14 3 12 
15 12 13 
16 13 14 
17 14 4 
1 4 1 1
18 4 5 
1 5 1 4
19 5 15 
20 15 16 
21 16 17 
22 17 6 
1 6 1 3
23 6 18 
24 18 19 
25 19 7 
1 7 1 2
26 7 20 
27 20 8 
1 8 1 2
28 8 21 
29 21 1 
2 1 2 41
30 11 3 28 
31 6 18 28 
32 2 10 23 
33 22 2 23 
34 19 7 23 
35 23 7 31 
36 22 23 31 
37 9 2 22 
38 8 21 32 
39 4 5 25 
40 12 17 24 
41 16 13 27 
42 13 16 26 
43 17 12 26 
44 14 15 27 
45 6 3 24 
46 15 14 25 
47 23 10 30 
48 21 1 29 
49 19 23 30 
50 20 8 32 
51 1 9 29 
52 10 11 30 
53 18 19 30 
54 3 6 28 
55 18 11 28 
56 7 20 31 
57 9 22 29 
58 11 18 30 
59 22 31 32 
60 29 22 32 
61 21 29 32 
62 31 20 32 
63 3 12 24 
64 14 4 25 
65 5 15 25 
66 17 6 24 
67 12 13 26 
68 13 14 27 
69 15 16 27 
70 16 17 26 
$EndElements
