134 362 8
14 91 83
10 34 92
12 35 93
7 90 53
309 64 34
58 35 289
4 148 116
235 0 38
120 18 130
2 445 300
449 19 302
3 447 298
22 446 311
1 300 452
20 311 450
21 298 448
87 39 268
140 117 9
11 622 70
15 627 72
16 626 71
13 44 137
426 33 358
57 42 404
59 128 53
27 427 29
26 443 37
29 41 432
28 26 422
54 81 231
46 32 477
453 55 31
267 57 23
297 5 2
3 301 6
485 484 41
40 27 454
45 8 364
17 99 43
37 512 610
28 36 575
268 66 24
39 65 66
286 49 22
38 48 406
50 429 31
88 508 51
45 459 52
44 571 471
46 608 437
482 47 468
407 48 86
4 25 189
30 96 101
32 56 572
224 141 55
24 357 33
6 425 559
25 105 632
63 577 95
62 517 480
61 529 521
60 113 576
5 629 466
98 94 43
42 43 476
470 500 82
187 638 69
68 461 640
346 19 442
312 21 451
337 20 449
324 106 77
416 412 77
589 522 84
-1 98 99
73 74 135
80 177 518
-1 101 100
78 532 531
30 472 631
567 67 523
1 444 509
595 75 642
-1 111 112
88 52 458
17 628 562
86 47 481
118 479 110
4 112 114
1 123 136
2 460 125
3 548 122
120 424 65
408 60 644
54 367 97
100 96 108
272 65 76
274 76 39
273 79 97
270 54 79
-1 122 121
-1 125 124
-1 126 123
114 388 59
-1 418 73
-1 127 413
118 97 369
-1 129 128
439 89 594
314 169 85
313 85 90
410 643 63
90 169 105
489 119 639
7 502 528
502 133 18
108 89 438
434 640 115
94 501 9
330 102 629
331 93 102
328 104 91
327 103 425
307 92 103
326 137 104
351 396 107
323 109 25
324 189 109
370 9 412
191 414 396
147 379 138
148 412 117
0 585 645
77 148 189
91 137 471
126 22 136
513 132 417
-1 551 140
139 18 579
177 504 56
181 185 149
157 178 147
-1 413 146
161 153 194
144 158 185
143 132 469
135 133 7
142 383 402
179 184 164
387 467 396
204 496 388
187 616 145
172 420 195
-1 598 165
416 171 370
-1 143 600
146 163 383
186 173 182
176 164 429
322 209 145
181 379 178
158 467 212
381 150 160
155 187 209
170 188 174
-1 485 422
212 387 200
111 204 114
166 394 242
156 251 405
200 154 196
159 464 487
385 166 192
374 186 373
392 160 473
141 515 78
-1 162 143
196 183 150
182 577 376
-1 142 162
159 180 192
179 195 190
150 366 486
-1 146 142
175 386 159
165 68 153
166 380 378
135 53 129
183 198 366
131 457 423
182 174 373
201 197 210
284 145 206
183 154 368
172 179 391
193 214 580
190 201 199
198 202 215
168 172 398
198 368 193
199 210 207
207 211 205
169 428 152
215 203 213
194 519 546
202 216 203
229 218 470
-1 165 161
202 193 217
203 223 593
163 168 219
205 515 224
197 375 423
199 205 372
207 218 222
210 500 218
216 217 208
212 380 242
221 530 518
236 220 223
216 227 223
222 221 211
213 56 365
229 226 234
225 553 592
222 229 228
227 230 236
227 208 225
228 234 232
244 30 233
230 237 233
232 231 241
230 225 239
248 238 8
228 241 221
232 238 240
237 239 235
234 585 238
237 243 244
236 233 631
219 170 383
240 248 245
240 367 231
243 247 371
-1 250 251
245 419 249
243 235 406
247 253 252
278 404 246
345 246 171
249 479 369
249 255 254
253 256 565
253 407 481
254 566 257
256 258 511
257 260 259
258 261 520
258 482 516
259 591 262
261 263 568
262 266 264
263 265 583
264 628 267
263 517 536
265 268 33
267 17 42
-1 508 458
-1 384 101
-1 529 507
-1 501 98
-1 100 438
-1 99 463
-1 504 531
-1 514 478
-1 608 477
-1 357 250
-1 439 356
281 301 298
287 280 312
-1 289 290
322 284 321
283 194 317
-1 310 288
310 44 299
319 281 292
332 285 296
327 6 282
319 282 301
332 302 344
-1 287 303
317 539 341
-1 309 295
329 294 297
288 299 337
295 34 336
280 12 16
296 286 311
336 10 14
280 290 35
337 11 291
333 292 335
-1 308 339
-1 306 308
323 632 305
-1 538 125
304 305 614
330 5 294
320 286 285
299 13 15
335 281 71
-1 112 528
-1 430 111
-1 535 489
-1 346 534
284 622 293
-1 340 542
-1 290 287
-1 545 310
-1 283 341
-1 161 283
-1 128 306
-1 73 129
339 533 544
-1 540 126
-1 124 289
-1 123 543
-1 295 633
-1 121 309
-1 537 122
-1 288 291
-1 303 431
-1 343 541
303 312 491
297 300 526
296 72 302
-1 339 340
304 325 338
318 338 626
321 293 342
-1 341 343
334 342 627
-1 291 346
-1 251 418
316 344 70
-1 359 360
-1 364 362
-1 361 359
-1 358 357
-1 457 127
-1 362 597
-1 427 610
-1 356 361
-1 360 358
279 573 354
278 350 57
355 23 350
349 604 347
355 347 630
349 354 590
352 348 0
-1 459 364
363 38 348
224 453 372
190 372 184
244 371 96
201 195 375
252 108 371
156 424 130
245 369 367
215 365 366
175 192 378
382 483 175
214 368 414
180 576 385
-1 527 384
373 188 397
162 402 132
219 398 188
391 164 399
399 374 397
158 242 149
270 377 472
376 417 174
186 443 432
168 151 420
152 618 105
-2 408 411
-2 410 408
196 381 401
399 176 454
-2 492 410
170 417 402
-2 411 415
131 151 127
382 378 401
200 401 380
381 392 382
-2 415 611
391 397 398
149 394 379
-3 613 498
250 24 405
171 404 476
248 45 419
255 419 52
389 390 95
451 570 491
393 113 390
389 634 395
74 130 133
144 107 467
375 420 131
400 395 505
418 156 74
385 138 394
345 416 106
247 406 407
154 387 414
-1 463 499
167 29 475
214 191 465
370 476 94
124 460 58
23 630 583
353 475 26
204 430 588
160 486 46
314 474 428
333 617 474
386 28 464
-1 586 485
440 519 119
556 525 509
-1 489 587
473 50 584
273 118 488
279 488 110
434 535 441
442 440 534
441 70 546
386 483 27
83 471 636
10 538 452
13 540 450
12 537 448
16 447 542
11 72 539
15 446 541
409 71 544
14 445 543
365 32 486
392 37 483
-2 602 492
-3 498 603
351 506 191
269 86 510
363 510 48
92 466 425
498 639 69
505 634 503
274 562 421
173 432 575
423 549 578
460 64 559
163 413 151
480 51 507
147 635 490
208 67 553
136 49 444
384 547 81
176 437 512
-1 431 430
-1 422 427
405 66 424
277 31 560
276 523 563
252 565 89
468 61 516
255 88 566
260 566 51
374 454 443
605 505 36
167 433 36
184 453 429
173 601 577
-1 438 439
315 115 436
637 469 641
335 409 617
393 455 641
-1 600 494
-2 493 602
-1 497 598
570 533 152
-3 603 495
403 461 456
421 521 606
217 580 67
272 579 120
117 551 116
575 462 601
275 581 141
415 462 484
-1 549 457
271 468 582
269 582 47
83 435 526
-1 458 459
257 564 612
473 561 40
138 576 635
276 589 567
213 593 177
260 480 591
266 591 61
220 78 593
206 616 434
259 557 564
558 62 499
-1 597 75
478 82 578
-1 610 561
-1 633 435
336 509 633
377 609 532
313 116 620
271 606 62
220 631 547
275 80 609
547 527 80
325 614 496
316 441 621
315 621 440
266 558 628
331 625 447
307 623 445
293 449 627
326 624 446
334 450 624
318 448 625
328 452 623
325 451 626
320 619 571
206 442 622
532 530 472
93 559 629
506 563 465
-1 554 586
139 620 502
-1 587 555
226 470 595
-2 611 550
-3 552 613
435 636 619
520 568 596
521 562 536
58 466 548
-1 477 572
584 524 512
463 87 558
-1 478 549
511 520 599
254 612 479
256 481 482
82 514 595
262 574 557
-1 584 608
496 588 409
49 545 636
560 55 581
356 594 599
568 583 615
464 41 503
376 63 513
180 487 60
465 523 580
-1 140 501
197 578 500
-1 572 504
-1 507 508
264 426 574
561 437 569
239 592 134
433 550 605
436 607 552
428 617 570
-1 75 514
361 599 596
261 516 517
226 642 585
211 518 515
110 612 573
553 567 84
590 557 604
352 645 522
155 495 638
573 564 590
157 637 493
487 503 644
455 494 637
456 638 497
359 596 615
484 586 611
-1 499 529
639 613 587
277 569 50
-1 531 527
353 40 524
400 605 554
565 511 594
403 555 607
308 618 533
604 574 630
153 640 519
431 491 588
614 632 388
-1 556 545
-1 528 551
-1 534 535
317 546 19
-1 543 538
-1 541 540
-1 542 537
340 544 21
343 539 20
265 536 87
121 548 64
360 615 426
241 81 530
306 59 618
329 526 525
411 644 462
513 643 469
444 571 556
490 602 600
68 598 603
607 115 461
616 69 119
492 490 643
84 645 592
113 641 635
95 601 634
597 134 642
