0.000000000000000000e+00 0.000000000000000000e+00 0.000000000000000000e+00
5.500000000000000444e-01 0.000000000000000000e+00 0.000000000000000000e+00
2.000000000000000000e+00 1.499999999999999944e-01 0.000000000000000000e+00
4.000000000000000000e+00 1.499999999999999944e-01 0.000000000000000000e+00
4.000000000000000000e+00 4.600000000000000200e-01 0.000000000000000000e+00
2.000000000000000000e+00 4.600000000000000200e-01 0.000000000000000000e+00
5.500000000000000444e-01 6.099999999999999867e-01 0.000000000000000000e+00
0.000000000000000000e+00 6.099999999999999867e-01 0.000000000000000000e+00
7.857142857128304736e-02 0.000000000000000000e+00 0.000000000000000000e+00
1.571428571424602905e-01 0.000000000000000000e+00 0.000000000000000000e+00
2.357142857136483027e-01 0.000000000000000000e+00 0.000000000000000000e+00
3.142857142850832841e-01 0.000000000000000000e+00 0.000000000000000000e+00
3.928571428567115276e-01 0.000000000000000000e+00 0.000000000000000000e+00
4.714285714283473760e-01 0.000000000000000000e+00 0.000000000000000000e+00
6.263157894734974196e-01 7.894736842085933390e-03 0.000000000000000000e+00
7.026315789471339057e-01 1.578947368418626152e-02 0.000000000000000000e+00
7.789473684206207338e-01 2.368421052627111070e-02 0.000000000000000000e+00
8.552631578941390922e-01 3.157894736835920729e-02 0.000000000000000000e+00
9.315789473675780696e-01 3.947368421043911252e-02 0.000000000000000000e+00
1.007894736841016048e+00 4.736842105251887897e-02 0.000000000000000000e+00
1.084210526314461021e+00 5.526315789459936706e-02 0.000000000000000000e+00
1.160526315787977047e+00 6.315789473668732834e-02 0.000000000000000000e+00
1.236842105261457991e+00 7.105263157877156344e-02 0.000000000000000000e+00
1.313157894735117015e+00 7.894736842087421436e-02 0.000000000000000000e+00
1.389473684209074911e+00 8.684210526300774335e-02 0.000000000000000000e+00
1.465789473682856059e+00 9.473684210512305082e-02 0.000000000000000000e+00
1.542105263156716033e+00 1.026315789472465045e-01 0.000000000000000000e+00
1.618421052630669044e+00 1.105263157893796033e-01 0.000000000000000000e+00
1.694736842104560992e+00 1.184210526315063045e-01 0.000000000000000000e+00
1.771052631578418968e+00 1.263157894736295084e-01 0.000000000000000000e+00
1.847368421052258958e+00 1.342105263157508943e-01 0.000000000000000000e+00
1.923684210526150906e+00 1.421052631578776926e-01 0.000000000000000000e+00
2.080000000000000071e+00 1.499999999999999944e-01 0.000000000000000000e+00
2.160000000000000142e+00 1.499999999999999944e-01 0.000000000000000000e+00
2.240000000000000213e+00 1.499999999999999944e-01 0.000000000000000000e+00
2.319999999999998952e+00 1.499999999999999944e-01 0.000000000000000000e+00
2.399999999999999023e+00 1.499999999999999944e-01 0.000000000000000000e+00
2.479999999999999094e+00 1.499999999999999944e-01 0.000000000000000000e+00
2.559999999999999165e+00 1.499999999999999944e-01 0.000000000000000000e+00
2.639999999999997904e+00 1.499999999999999944e-01 0.000000000000000000e+00
2.719999999999997975e+00 1.499999999999999944e-01 0.000000000000000000e+00
2.799999999999998046e+00 1.499999999999999944e-01 0.000000000000000000e+00
2.879999999999999005e+00 1.499999999999999944e-01 0.000000000000000000e+00
2.959999999999999076e+00 1.499999999999999944e-01 0.000000000000000000e+00
3.039999999999999147e+00 1.499999999999999944e-01 0.000000000000000000e+00
3.119999999999999218e+00 1.499999999999999944e-01 0.000000000000000000e+00
3.199999999999998845e+00 1.499999999999999944e-01 0.000000000000000000e+00
3.279999999999998916e+00 1.499999999999999944e-01 0.000000000000000000e+00
3.359999999999998987e+00 1.499999999999999944e-01 0.000000000000000000e+00
3.439999999999999947e+00 1.499999999999999944e-01 0.000000000000000000e+00
3.519999999999999130e+00 1.499999999999999944e-01 0.000000000000000000e+00
3.600000000000000089e+00 1.499999999999999944e-01 0.000000000000000000e+00
3.680000000000000160e+00 1.499999999999999944e-01 0.000000000000000000e+00
3.759999999999999787e+00 1.499999999999999944e-01 0.000000000000000000e+00
3.839999999999999858e+00 1.499999999999999944e-01 0.000000000000000000e+00
3.919999999999999929e+00 1.499999999999999944e-01 0.000000000000000000e+00
4.000000000000000000e+00 2.274999999998210953e-01 0.000000000000000000e+00
4.000000000000000000e+00 3.049999999995989253e-01 0.000000000000000000e+00
4.000000000000000000e+00 3.824999999998103251e-01 0.000000000000000000e+00
3.919999999999999929e+00 4.600000000000000200e-01 0.000000000000000000e+00
3.839999999999999858e+00 4.600000000000000200e-01 0.000000000000000000e+00
3.759999999999999787e+00 4.600000000000000200e-01 0.000000000000000000e+00
3.680000000000001048e+00 4.600000000000000200e-01 0.000000000000000000e+00
3.600000000000000977e+00 4.600000000000000200e-01 0.000000000000000000e+00
3.520000000000000906e+00 4.600000000000000200e-01 0.000000000000000000e+00
3.440000000000000835e+00 4.600000000000000200e-01 0.000000000000000000e+00
3.360000000000002096e+00 4.600000000000000200e-01 0.000000000000000000e+00
3.280000000000002025e+00 4.600000000000000200e-01 0.000000000000000000e+00
3.200000000000001954e+00 4.600000000000000200e-01 0.000000000000000000e+00
3.120000000000000995e+00 4.600000000000000200e-01 0.000000000000000000e+00
3.040000000000000924e+00 4.600000000000000200e-01 0.000000000000000000e+00
2.960000000000000853e+00 4.600000000000000200e-01 0.000000000000000000e+00
2.880000000000000782e+00 4.600000000000000200e-01 0.000000000000000000e+00
2.800000000000001155e+00 4.600000000000000200e-01 0.000000000000000000e+00
2.720000000000001084e+00 4.600000000000000200e-01 0.000000000000000000e+00
2.640000000000001013e+00 4.600000000000000200e-01 0.000000000000000000e+00
2.560000000000000053e+00 4.600000000000000200e-01 0.000000000000000000e+00
2.480000000000000870e+00 4.600000000000000200e-01 0.000000000000000000e+00
2.399999999999999911e+00 4.600000000000000200e-01 0.000000000000000000e+00
2.319999999999999840e+00 4.600000000000000200e-01 0.000000000000000000e+00
2.240000000000000213e+00 4.600000000000000200e-01 0.000000000000000000e+00
2.160000000000000142e+00 4.600000000000000200e-01 0.000000000000000000e+00
2.080000000000000071e+00 4.600000000000000200e-01 0.000000000000000000e+00
1.923684210526376948e+00 4.678947368420989794e-01 0.000000000000000000e+00
1.847368421052798970e+00 4.757894736841932204e-01 0.000000000000000000e+00
1.771052631579187020e+00 4.836842105262910141e-01 0.000000000000000000e+00
1.694736842105643015e+00 4.915789473683818134e-01 0.000000000000000000e+00
1.618421052632182944e+00 4.994736842104637864e-01 0.000000000000000000e+00
1.542105263158703110e+00 5.073684210525479799e-01 0.000000000000000000e+00
1.465789473685255917e+00 5.152631578946287316e-01 0.000000000000000000e+00
1.389473684211880000e+00 5.231578947367020449e-01 0.000000000000000000e+00
1.313157894738385068e+00 5.310526315787877927e-01 0.000000000000000000e+00
1.236842105264690961e+00 5.389473684208940796e-01 0.000000000000000000e+00
1.160526315790908924e+00 5.468421052630093593e-01 0.000000000000000000e+00
1.084210526316961021e+00 5.547368421051419585e-01 0.000000000000000000e+00
1.007894736843018002e+00 5.626315789472740025e-01 0.000000000000000000e+00
9.315789473692090983e-01 5.705263157893921688e-01 0.000000000000000000e+00
8.552631578953386882e-01 5.784210526315166634e-01 0.000000000000000000e+00
7.789473684215022509e-01 5.863157894736377163e-01 0.000000000000000000e+00
7.026315789476873519e-01 5.942105263157564377e-01 0.000000000000000000e+00
6.263157894738189402e-01 6.021052631578808212e-01 0.000000000000000000e+00
4.714285714286877149e-01 6.099999999999999867e-01 0.000000000000000000e+00
3.928571428575007851e-01 6.099999999999999867e-01 0.000000000000000000e+00
3.142857142863246800e-01 6.099999999999999867e-01 0.000000000000000000e+00
2.357142857148994131e-01 6.099999999999999867e-01 0.000000000000000000e+00
1.571428571432769983e-01 6.099999999999999867e-01 0.000000000000000000e+00
7.857142857164678418e-02 6.099999999999999867e-01 0.000000000000000000e+00
0.000000000000000000e+00 5.337500000001030864e-01 0.000000000000000000e+00
0.000000000000000000e+00 4.575000000003797140e-01 0.000000000000000000e+00
0.000000000000000000e+00 3.812500000005912271e-01 0.000000000000000000e+00
0.000000000000000000e+00 3.050000000008135093e-01 0.000000000000000000e+00
0.000000000000000000e+00 2.287500000006129075e-01 0.000000000000000000e+00
0.000000000000000000e+00 1.525000000004554102e-01 0.000000000000000000e+00
0.000000000000000000e+00 7.625000000022219560e-02 0.000000000000000000e+00
5.857700705100608030e-01 7.114702701739013257e-02 0.000000000000000000e+00
3.502351117427989213e-01 5.325170965359183883e-01 0.000000000000000000e+00
8.132688432968615544e-01 8.690281747902389720e-02 0.000000000000000000e+00
2.754928900346879095e-01 6.764648337794099131e-02 0.000000000000000000e+00
5.813208520754413744e-01 5.399612191847481535e-01 0.000000000000000000e+00
1.039215588916303945e+00 1.174072018674243018e-01 0.000000000000000000e+00
8.149273968409975755e-01 5.183838951683708007e-01 0.000000000000000000e+00
1.194267381676421991e+00 4.758536843693256801e-01 0.000000000000000000e+00
6.172016064936292762e-02 3.470976113437542754e-01 0.000000000000000000e+00
1.337432140366483946e+00 1.451355994186661891e-01 0.000000000000000000e+00
1.497279697727589953e+00 4.468616394278058235e-01 0.000000000000000000e+00
1.032973910535621931e+00 4.789278426120044951e-01 0.000000000000000000e+00
1.191847167863280044e+00 1.331966755516290069e-01 0.000000000000000000e+00
1.649741904707477946e+00 4.294349033955414119e-01 0.000000000000000000e+00
1.347817555520957056e+00 4.633912587409296235e-01 0.000000000000000000e+00
4.313952320179578748e-01 6.815143862140543574e-02 0.000000000000000000e+00
1.798957309688570039e+00 4.123619842633882149e-01 0.000000000000000000e+00
1.503968013346647981e+00 1.624185105143808039e-01 0.000000000000000000e+00
6.257584452540812525e-02 1.885026474649799944e-01 0.000000000000000000e+00
1.971893225190320120e-01 5.376777370285898972e-01 0.000000000000000000e+00
1.954915121421435087e+00 3.977106090670827765e-01 0.000000000000000000e+00
1.722084177472738009e+00 2.025019299458332978e-01 0.000000000000000000e+00
2.519680653743871179e+00 2.142399538971102024e-01 0.000000000000000000e+00
3.468571428571430193e+00 2.212350234729993093e-01 0.000000000000000000e+00
2.187451111818016880e+00 2.267697722906102942e-01 0.000000000000000000e+00
3.799999999999999822e+00 3.907179676972453164e-01 0.000000000000000000e+00
2.362001850617667209e+00 2.198227839429119923e-01 0.000000000000000000e+00
3.653333333333331989e+00 4.028331077466988930e-01 0.000000000000000000e+00
2.679999999999996163e+00 2.192820323027591112e-01 0.000000000000000000e+00
3.316828563019600828e+00 3.888226566668318007e-01 0.000000000000000000e+00
3.010783905490082901e+00 2.266051519406521997e-01 0.000000000000000000e+00
2.840424784829445048e+00 2.244395869664612964e-01 0.000000000000000000e+00
3.149216094509926123e+00 2.266051519406530046e-01 0.000000000000000000e+00
1.888999894312717975e+00 2.037810162958935134e-01 0.000000000000000000e+00
2.049830462552197030e+00 2.041684088039333878e-01 0.000000000000000000e+00
3.720043330100045953e+00 2.192570156578282081e-01 0.000000000000000000e+00
2.919999999999999041e+00 3.907179676972448723e-01 0.000000000000000000e+00
2.611428571428568990e+00 3.887649765270020930e-01 0.000000000000000000e+00
2.117307818223344018e+00 3.895822190407212116e-01 0.000000000000000000e+00
2.280000000000002025e+00 3.907179676972448723e-01 0.000000000000000000e+00
2.749216094509918218e+00 3.833948480593490915e-01 0.000000000000000000e+00
2.440000000000000835e+00 3.946755186876335086e-01 0.000000000000000000e+00
3.075791981553391174e+00 3.931474682801512910e-01 0.000000000000000000e+00
3.879390671379426170e+00 2.141131533202453863e-01 0.000000000000000000e+00
3.480000000000000870e+00 3.907179676972455939e-01 0.000000000000000000e+00
3.332145595773996938e+00 2.260719602591944044e-01 0.000000000000000000e+00
6.603443703832392875e-02 4.956250000002412892e-01 0.000000000000000000e+00
3.938084740627290081e+00 3.481196547096919724e-01 0.000000000000000000e+00
1.167231911629636049e-01 7.587093502709336967e-02 0.000000000000000000e+00
2.035787659041182973e+00 3.927116049656915742e-01 0.000000000000000000e+00
1.986257851976545030e+00 3.271592357734330880e-01 0.000000000000000000e+00
1.909795306413140104e+00 3.360823282062581074e-01 0.000000000000000000e+00
2.076245162625780072e+00 3.218175659129127175e-01 0.000000000000000000e+00
2.156271542458477963e+00 3.167031730831837977e-01 0.000000000000000000e+00
1.939066734318499075e+00 2.706957526320973861e-01 0.000000000000000000e+00
2.103069417895242044e+00 2.571137830305041949e-01 0.000000000000000000e+00
2.249970686103472062e+00 3.125817190707640969e-01 0.000000000000000000e+00
3.536788865380279256e-01 6.766174565835798849e-02 0.000000000000000000e+00
3.927048387405516761e-01 1.352017100910470060e-01 0.000000000000000000e+00
4.698901797578000084e-01 1.362281037239382875e-01 0.000000000000000000e+00
4.312444833985326076e-01 2.026431495882657086e-01 0.000000000000000000e+00
5.087727850939793850e-01 2.034529214353389126e-01 0.000000000000000000e+00
3.536663399144905906e-01 2.022251017651391924e-01 0.000000000000000000e+00
4.697779568739792744e-01 2.698486267458005128e-01 0.000000000000000000e+00
5.470951760773968831e-01 2.702924681868629220e-01 0.000000000000000000e+00
5.081604895440759995e-01 3.369882011538585798e-01 0.000000000000000000e+00
5.853411668267429757e-01 3.372114221821833069e-01 0.000000000000000000e+00
6.242191470615374715e-01 2.706981921706413940e-01 0.000000000000000000e+00
4.308355498765203961e-01 3.365715572412316114e-01 0.000000000000000000e+00
6.623374899167235874e-01 3.375364606821297797e-01 0.000000000000000000e+00
7.011446217268533232e-01 2.711452432927328737e-01 0.000000000000000000e+00
7.392244016988416266e-01 3.379332958683186061e-01 0.000000000000000000e+00
7.780025027303912877e-01 2.715871641092197919e-01 0.000000000000000000e+00
8.160375475611625351e-01 3.383292753731225178e-01 0.000000000000000000e+00
8.547915663444218826e-01 2.720254238131840085e-01 0.000000000000000000e+00
8.928157241681998757e-01 3.387258176001636256e-01 0.000000000000000000e+00
9.315597558620998253e-01 2.724555461775550191e-01 0.000000000000000000e+00
4.692424189521591238e-01 4.039075958531649913e-01 0.000000000000000000e+00
9.695790905224618283e-01 3.391339683337873945e-01 0.000000000000000000e+00
1.008310764602555976e+00 2.728779425305603024e-01 0.000000000000000000e+00
1.046315864728901035e+00 3.395456079649569192e-01 0.000000000000000000e+00
1.085043913300425045e+00 2.732998676339246091e-01 0.000000000000000000e+00
7.004609706353616128e-01 4.042995694386046779e-01 0.000000000000000000e+00
6.631378382981401032e-01 2.043193519511425083e-01 0.000000000000000000e+00
1.123047536971913951e+00 3.399519247053192084e-01 0.000000000000000000e+00
1.161772008430292047e+00 2.738925784843291855e-01 0.000000000000000000e+00
1.199774108788298932e+00 3.403956084328580989e-01 0.000000000000000000e+00
1.238497120468404988e+00 2.743446512996374764e-01 0.000000000000000000e+00
9.308657019199905180e-01 4.009783080695770163e-01 0.000000000000000000e+00
3.916325676776004072e-01 4.029687049706435764e-01 0.000000000000000000e+00
3.530987246543255131e-01 3.359835494365954189e-01 0.000000000000000000e+00
3.139063519882355213e-01 4.024683474275270734e-01 0.000000000000000000e+00
2.753148609921038936e-01 3.356390804823913832e-01 0.000000000000000000e+00
2.362585915247409074e-01 4.021551247233657866e-01 0.000000000000000000e+00
8.945474290866335387e-01 2.063485635381017980e-01 0.000000000000000000e+00
1.276506238286631012e+00 3.393572767710772986e-01 0.000000000000000000e+00
1.315214619507516947e+00 2.758606959336141196e-01 0.000000000000000000e+00
1.351413423839874950e+00 3.386047527372835209e-01 0.000000000000000000e+00
1.391633631049872033e+00 2.762665962583529256e-01 0.000000000000000000e+00
1.996442189567876890e-01 3.342947674067006103e-01 0.000000000000000000e+00
2.371776994448709930e-01 2.684133516438007017e-01 0.000000000000000000e+00
1.425423296079096014e+00 3.388696587179961806e-01 0.000000000000000000e+00
1.665213592398520903e-01 3.962839897373843234e-01 0.000000000000000000e+00
1.467845781029690988e+00 2.780153196415884875e-01 0.000000000000000000e+00
1.606375470571297925e-01 2.678490828046147243e-01 0.000000000000000000e+00
1.998970666705227883e-01 2.025979081840068030e-01 0.000000000000000000e+00
1.501082702315359008e+00 3.385269784458739828e-01 0.000000000000000000e+00
1.544305698465755050e+00 2.785281457837346930e-01 0.000000000000000000e+00
2.746196625519929935e-01 4.766646279665847086e-01 0.000000000000000000e+00
1.577604033123257032e+00 3.375664529805845193e-01 0.000000000000000000e+00
1.620943296644921094e+00 2.800612465485404767e-01 0.000000000000000000e+00
4.217906330677135829e-01 4.809221237086144241e-01 0.000000000000000000e+00
1.582380783461144969e+00 2.129405206741923906e-01 0.000000000000000000e+00
1.127362445288548010e+00 2.057553490637626936e-01 0.000000000000000000e+00
5.139242902323332141e-01 4.838901128748331892e-01 0.000000000000000000e+00
1.083095822065391900e+00 4.068476219924305748e-01 0.000000000000000000e+00
1.659630239108135896e+00 3.544980990806125276e-01 0.000000000000000000e+00
1.698832554232716063e+00 2.766457079279838194e-01 0.000000000000000000e+00
1.745377728631231973e+00 3.464447785268535140e-01 0.000000000000000000e+00
1.775554474312913023e+00 2.770633749544881841e-01 0.000000000000000000e+00
1.285703120297265079e+00 2.095468563652851945e-01 0.000000000000000000e+00
1.235792387180093099e+00 4.056656752148087852e-01 0.000000000000000000e+00
1.441132739621900916e+00 2.173568584098435896e-01 0.000000000000000000e+00
1.811591104319566048e+00 2.034518535503838099e-01 0.000000000000000000e+00
1.965970794414688971e-01 6.899268816190515241e-02 0.000000000000000000e+00
2.280241767388460961e+00 2.260879158542848100e-01 0.000000000000000000e+00
2.336346069126272962e+00 2.896193424050865217e-01 0.000000000000000000e+00
2.416071973701197972e+00 2.756088215922835039e-01 0.000000000000000000e+00
3.799905737587208954e+00 2.183288044500321934e-01 0.000000000000000000e+00
3.841574637135482195e+00 2.761619532561778168e-01 0.000000000000000000e+00
2.761316269641839183e-01 2.019668217417047995e-01 0.000000000000000000e+00
1.645690718788344886e-01 1.404640332640839095e-01 0.000000000000000000e+00
5.476042492142860763e-01 4.054261465246636886e-01 0.000000000000000000e+00
2.200591674464216219e+00 3.882641798153189105e-01 0.000000000000000000e+00
7.381634255139194467e-01 2.058537348338558004e-01 0.000000000000000000e+00
6.990736688259859832e-01 1.397354184381721098e-01 0.000000000000000000e+00
6.239451508495362786e-01 1.381024714292025113e-01 0.000000000000000000e+00
5.859027399803493630e-01 2.041768976205839137e-01 0.000000000000000000e+00
7.773040623560867335e-01 4.017793482539478989e-01 0.000000000000000000e+00
7.508622804125877348e-01 4.643479768904636984e-01 0.000000000000000000e+00
6.756725064751119003e-01 4.693965524036480819e-01 0.000000000000000000e+00
8.162897009029377315e-01 2.062598780691153877e-01 0.000000000000000000e+00
9.685263653330453693e-01 2.089885204845252920e-01 0.000000000000000000e+00
9.317516004274813968e-01 1.501918752040035110e-01 0.000000000000000000e+00
8.541051342613454889e-01 4.009273811451605218e-01 0.000000000000000000e+00
8.918128302855011791e-01 4.697802001394424942e-01 0.000000000000000000e+00
1.007585817654987892e+00 4.058011098559822227e-01 0.000000000000000000e+00
1.119354303617412949e+00 4.782962878483926206e-01 0.000000000000000000e+00
1.048768478266427051e+00 1.942451208773539884e-01 0.000000000000000000e+00
6.261264767744875170e-01 4.034156582028015081e-01 0.000000000000000000e+00
1.878077446366559933e+00 4.056585861838957752e-01 0.000000000000000000e+00
1.113741423340582903e+00 1.260487528726428885e-01 0.000000000000000000e+00
3.640007221683338123e+00 2.192778628619330983e-01 0.000000000000000000e+00
3.680008425297224939e+00 2.842061120081412762e-01 0.000000000000000000e+00
3.588573663854366824e+00 2.898938954845882154e-01 0.000000000000000000e+00
3.760302897839531866e+00 2.812359754611367113e-01 0.000000000000000000e+00
3.721421419733395908e+00 3.511170392217479175e-01 0.000000000000000000e+00
2.599946775623974027e+00 2.184416859018162016e-01 0.000000000000000000e+00
2.546285225305179090e+00 2.753218948154135259e-01 0.000000000000000000e+00
2.628237224622528956e+00 2.993847268783412230e-01 0.000000000000000000e+00
2.717853092940698101e+00 2.959670880709593943e-01 0.000000000000000000e+00
2.677346996700341819e+00 3.568532017852041882e-01 0.000000000000000000e+00
2.804512661569444010e+00 3.143800482913354788e-01 0.000000000000000000e+00
2.839344847138514982e+00 3.925571444099338891e-01 0.000000000000000000e+00
2.998546553330657893e+00 3.868202205134241844e-01 0.000000000000000000e+00
3.040101629800786132e+00 3.126304384881872789e-01 0.000000000000000000e+00
3.123838689382206102e+00 3.228913449187538753e-01 0.000000000000000000e+00
3.080788063836600976e+00 2.563955435795770010e-01 0.000000000000000000e+00
3.204840581441268821e+00 2.966908003743065070e-01 0.000000000000000000e+00
2.949972637540068998e+00 3.109427460365500884e-01 0.000000000000000000e+00
3.192915838034390053e+00 3.765760405110127884e-01 0.000000000000000000e+00
3.241870240357191957e+00 2.235425870854390040e-01 0.000000000000000000e+00
2.919869562544472164e+00 2.251970472280487023e-01 0.000000000000000000e+00
3.399471427169936000e+00 3.904020825255076765e-01 0.000000000000000000e+00
3.449720407963055901e+00 3.085583586412652957e-01 0.000000000000000000e+00
3.519825925695660995e+00 3.250314635026881893e-01 0.000000000000000000e+00
3.361971527580323027e+00 3.154224114791853162e-01 0.000000000000000000e+00
3.400646030814713061e+00 2.523498562885030938e-01 0.000000000000000000e+00
3.285155680088637009e+00 2.967919314167616895e-01 0.000000000000000000e+00
3.556192052351522026e+00 2.154890741219860073e-01 0.000000000000000000e+00
2.360000000000002096e+00 3.931238271432275222e-01 0.000000000000000000e+00
2.760465089889928780e+00 2.256781259385857996e-01 0.000000000000000000e+00
2.521904761904762982e+00 3.953914612827894026e-01 0.000000000000000000e+00
2.480335126196338891e+00 3.279183809726406995e-01 0.000000000000000000e+00
1.573643321529379024e+00 4.394293010929041787e-01 0.000000000000000000e+00
1.421386937633736913e+00 4.549940230761401194e-01 0.000000000000000000e+00
3.571676131840479052e+00 3.800408756637669860e-01 0.000000000000000000e+00
1.723819507272229101e+00 4.208575817526846174e-01 0.000000000000000000e+00
1.159744763936374046e+00 4.074735614713572152e-01 0.000000000000000000e+00
7.821711277947539231e-02 2.675942464781739805e-01 0.000000000000000000e+00
9.536858576356967987e-01 5.096100832061749575e-01 0.000000000000000000e+00
3.145028142532684812e-01 2.689672923693692264e-01 0.000000000000000000e+00
3.148212084816882084e-01 1.349703203599056933e-01 0.000000000000000000e+00
6.042929840175788325e-02 4.211711009098738079e-01 0.000000000000000000e+00
3.923245515819924201e-01 2.693889407389086776e-01 0.000000000000000000e+00
1.828708215433461071e+00 3.424082560752650939e-01 0.000000000000000000e+00
2.379181572452309934e-01 1.361063758482579100e-01 0.000000000000000000e+00
1.204800212194105047e+00 2.074099813153295058e-01 0.000000000000000000e+00
5.468326065517494783e-01 1.372386164239801920e-01 0.000000000000000000e+00
2.879423994647031027e+00 2.843618861868139058e-01 0.000000000000000000e+00
1.642328095332084015e+00 1.717897946325959990e-01 0.000000000000000000e+00
2.004893695165954060e-01 4.554170947139185022e-01 0.000000000000000000e+00
5.076275156912498643e-01 6.976666810230058857e-02 0.000000000000000000e+00
1.860533880281231012e+00 2.735589219136290162e-01 0.000000000000000000e+00
2.442639733420994830e+00 2.119081585730404060e-01 0.000000000000000000e+00
2.744088193630095929e-01 5.533718923062185269e-01 0.000000000000000000e+00
4.688653045183848733e-01 5.351324552302545445e-01 0.000000000000000000e+00
3.504368654056683186e-01 4.591081801218576119e-01 0.000000000000000000e+00
1.161849174284401987e-01 5.450959978404253947e-01 0.000000000000000000e+00
5.961852773530814664e-01 4.716980758143636265e-01 0.000000000000000000e+00
3.886034633973423968e+00 3.995548018187238259e-01 0.000000000000000000e+00
1.273737364190294041e+00 4.689198460391664769e-01 0.000000000000000000e+00
5.711198673211100724e-02 1.172213432399464988e-01 0.000000000000000000e+00
3.927836900173056200e+00 2.722715210401162045e-01 0.000000000000000000e+00
6.609704558821207776e-01 7.439256630989604657e-02 0.000000000000000000e+00
1.263646184765732094e+00 1.394981472108134113e-01 0.000000000000000000e+00
8.566815019165694434e-01 1.446496694334974964e-01 0.000000000000000000e+00
3.254063868062521792e+00 3.584500643505145190e-01 0.000000000000000000e+00
6.556355496863022214e-01 5.379474942612099131e-01 0.000000000000000000e+00
7.360205142836674375e-01 7.901955723751263871e-02 0.000000000000000000e+00
1.310931909649359017e+00 4.028564784573980817e-01 0.000000000000000000e+00
1.365545605616129032e+00 2.113122181602276051e-01 0.000000000000000000e+00
1.305445693027862120e-01 4.617887028901487834e-01 0.000000000000000000e+00
1.303109773083765133e-01 2.057482286207847899e-01 0.000000000000000000e+00
1.312888088438398937e-01 3.288356680593140235e-01 0.000000000000000000e+00
1.971699921604425088e+00 2.084796429943696072e-01 0.000000000000000000e+00
7.701873629336155602e-01 1.444683983942904038e-01 0.000000000000000000e+00
7.332682110491823835e-01 5.338115577764479536e-01 0.000000000000000000e+00
1.382778723820689892e+00 4.004538860786653887e-01 0.000000000000000000e+00
1.419640151537467032e+00 1.484313555022727937e-01 0.000000000000000000e+00
8.947966618019238538e-01 9.242614451807286413e-02 0.000000000000000000e+00
1.456858792515298928e+00 3.978168396407320007e-01 0.000000000000000000e+00
1.507926603185028025e+00 2.298518710047479929e-01 0.000000000000000000e+00
8.178023408313038756e-01 4.510437603194770162e-01 0.000000000000000000e+00
2.021028258495447982e+00 2.649057315245417210e-01 0.000000000000000000e+00
9.708562660916719711e-01 1.008542915352016039e-01 0.000000000000000000e+00
5.584006768616574246e-02 5.627846640976313236e-02 0.000000000000000000e+00
3.941331383642141972e+00 2.080208297887153057e-01 0.000000000000000000e+00
5.605683383182635815e-02 5.545932843085485953e-01 0.000000000000000000e+00
3.943009146274563115e+00 4.037110542188465101e-01 0.000000000000000000e+00
1.534207703686125912e+00 3.933630645087459743e-01 0.000000000000000000e+00
5.206208561795555578e-01 5.561293011545898057e-01 0.000000000000000000e+00
1.575649479324876090e+00 1.511778402002008082e-01 0.000000000000000000e+00
8.888495837457915938e-01 5.302828183077918922e-01 0.000000000000000000e+00
4.144295319979531822e-01 5.535736172038503433e-01 0.000000000000000000e+00
2.394375377264740035e+00 3.403057198044223131e-01 0.000000000000000000e+00
2.480168651042007788e+00 2.612217134089088177e-01 0.000000000000000000e+00
9.959402164233113197e-01 1.556301050224039861e-01 0.000000000000000000e+00
3.243193022530361791e+00 4.134470979704791826e-01 0.000000000000000000e+00
3.799682574329419804e+00 3.268026139845733868e-01 0.000000000000000000e+00
3.870227010867818063e+00 3.352008576528155981e-01 0.000000000000000000e+00
3.722107821866677213e+00 4.140117347993523267e-01 0.000000000000000000e+00
2.118977040413652091e+00 1.942714005331080129e-01 0.000000000000000000e+00
3.518752440119243818e+00 2.659948276836454073e-01 0.000000000000000000e+00
3.080080414677206058e+00 1.976719259578721133e-01 0.000000000000000000e+00
3.642144710579827027e+00 3.388157743650340725e-01 0.000000000000000000e+00
2.558312987065339161e+00 3.402465878073437922e-01 0.000000000000000000e+00
3.400070962888387172e+00 1.949859829093278096e-01 0.000000000000000000e+00
2.679895442661328175e+00 4.149447681523278919e-01 0.000000000000000000e+00
1.658005837738383947e+00 2.328448444842617926e-01 0.000000000000000000e+00
1.605204697933144908e+00 3.923985328585337107e-01 0.000000000000000000e+00
1.101008392875198055e-01 3.910354145880950982e-01 0.000000000000000000e+00
2.881379920001228001e+00 3.447003658312651209e-01 0.000000000000000000e+00
9.661376301836717140e-01 4.493422359592523785e-01 0.000000000000000000e+00
2.321077266373098968e+00 3.481674290749615097e-01 0.000000000000000000e+00
3.137578934682457188e+00 4.042847669480699180e-01 0.000000000000000000e+00
1.062582143215387992e-01 1.455614375233776903e-01 0.000000000000000000e+00
